数据量：8192，并行双调排序用时：5.0656ms
14 60 139 141 234 248 294 327 340 416 475 
506 575 723 759 786 788 867 938 1226 1303 
1303 1382 1585 1608 1621 1630 1635 1639 1740 1847 
1972 2191 2254 2256 2331 2347 2474 2477 2599 2682 
2730 2731 2761 2764 2804 3014 3141 3244 3297 3309 
3416 3446 3454 3500 3574 3609 3713 3727 3731 3745 
3759 3783 3937 3964 3972 4079 4162 4247 4261 4303 
4308 4316 4430 4482 4612 4655 4663 4671 4797 4845 
4853 4907 4914 5000 5002 5034 5038 5281 5364 5509 
5709 5775 5880 5885 5919 5934 5945 5972 5990 5997 
6105 6282 6322 6354 6365 6407 6409 6433 6451 6475 
6529 6559 6625 6845 6873 6917 7050 7072 7086 7187 
7225 7263 7269 7280 7325 7372 7401 7416 7509 7528 
7580 7611 7682 7760 7769 7828 7846 7874 7883 7899 
7902 7944 7986 8099 8132 8185 8201 8240 8247 8370 
8426 8505 8529 8693 8948 8991 9031 9057 9082 9110 
9158 9206 9246 9292 9363 9371 9386 9485 9534 9539 
9587 9590 9675 9739 9755 9904 9924 9953 10045 10046 
10151 10189 10237 10310 10368 10376 10390 10462 10490 10529 
10553 10772 10823 10969 11020 11054 11178 11236 11331 11454 
11578 11602 11799 11850 11858 11860 11905 11953 12005 12161 
12167 12293 12390 12462 12622 12661 12739 12769 12830 12922 
13029 13031 13042 13121 13226 13262 13262 13309 13318 13351 
13455 13493 13505 13580 13598 13634 13694 13792 13848 13921 
14173 14212 14271 14340 14340 14341 14446 14577 14722 14795 
14863 14938 14950 15293 15368 15423 15429 15462 15471 15499 
15543 15567 15571 15597 15626 15644 15654 15679 15734 15794 
15888 15953 16051 16060 16153 16156 16262 16293 16336 16338 
16366 16446 16489 16529 16596 16609 16640 16709 16733 16764 
16770 16850 16878 16896 16898 16935 17044 17051 17057 17081 
17128 17232 17329 17332 17376 17390 17400 17406 17432 17491 
17516 17537 17579 17803 17895 17940 18057 18065 18113 18128 
18187 18252 18356 18381 18422 18443 18556 18559 18601 18618 
18738 18866 18938 18945 18951 19074 19121 19162 19283 19366 
19497 19528 19534 19950 19965 20003 20005 20009 20024 20079 
20228 20247 20291 20297 20417 20421 20691 20733 20879 20948 
21101 21216 21223 21258 21302 21338 21421 21442 21450 21454 
21568 21586 21624 21709 21740 21808 21836 21843 21861 21901 
21911 21976 22090 22175 22179 22220 22341 22408 22421 22448 
22547 22612 22685 22943 22985 23046 23078 23160 23202 23259 
23411 23453 23488 23502 23532 23641 23679 23751 23789 23841 
23902 23953 24021 24057 24074 24114 24146 24240 24265 24327 
24345 24484 24496 24501 24619 24750 24850 24884 24934 24967 
25136 25138 25158 25211 25292 25348 25371 25422 25486 25489 
25569 25620 25682 25709 25740 25741 25778 25802 25851 25962 
26079 26117 26129 26130 26223 26309 26336 26384 26411 26412 
26465 26502 26534 26626 26657 26693 26762 26762 26769 26880 
26914 26914 26914 26998 27051 27089 27195 27227 27313 27392 
27466 27494 27647 27768 27814 27898 27922 27955 27995 28151 
28159 28169 28232 28330 28345 28358 28377 28464 28565 28566 
28625 28790 28867 28996 29008 29052 29175 29223 29262 29263 
29301 29338 29342 29371 29376 29398 29475 29527 29643 29643 
29692 29749 29757 29761 29770 29808 29868 29941 29991 30002 
30086 30260 30328 30383 30446 30476 30488 30498 30554 30606 
30647 30793 30817 30973 30983 30995 31000 31160 31293 31302 
31341 31359 31392 31469 31510 31565 31645 31737 31890 31910 
32161 32188 32229 32249 32278 32488 32546 32553 32704 32815 
32892 32976 33094 33160 33224 33268 33289 33359 33469 33497 
33529 33600 33604 33648 33693 33733 33893 34123 34160 34212 
34296 34309 34351 34362 34395 34399 34504 34726 34780 34807 
34906 35062 35096 35261 35285 35286 35333 35354 35430 35460 
35489 35803 35992 36024 36287 36303 36367 36421 36461 36665 
36712 36852 36879 36885 37043 37200 37407 37449 37478 37565 
37828 37863 37941 37974 38021 38024 38037 38068 38300 38302 
38391 38672 38733 38736 38785 38951 38953 39052 39118 39233 
39238 39278 39431 39465 39547 39574 39574 39631 39762 39772 
39801 39812 39883 40022 40035 40106 40140 40178 40315 40320 
40380 40473 40585 40605 40681 40694 40765 40798 40926 40929 
40934 41030 41090 41126 41133 41144 41265 41269 41337 41348 
41359 41416 41513 41612 41658 41663 41774 41790 41802 41803 
41869 41904 42034 42169 42171 42254 42282 42300 42579 42918 
42941 42958 42992 43027 43053 43277 43327 43335 43360 43468 
43539 43637 43705 43817 43830 43855 43998 44101 44104 44119 
44130 44165 44292 44293 44356 44421 44471 44550 44580 44811 
44817 44999 45111 45120 45173 45189 45204 45649 45662 45695 
45729 45839 45879 45924 45964 45978 45983 46115 46135 46209 
46234 46368 46518 46521 46556 46639 46660 46687 46708 46828 
47007 47064 47083 47123 47144 47145 47262 47318 47357 47382 
47478 47544 47563 47733 47780 47910 47913 48051 48070 48094 
48206 48210 48288 48301 48305 48319 48324 48446 48538 48565 
48626 48631 48672 48742 48746 48761 48790 48837 48872 48891 
49021 49050 49053 49072 49141 49164 49318 49348 49349 49482 
49513 49592 49711 49754 49755 49857 49941 49977 50043 50265 
50350 50500 50537 50548 50572 50612 50692 50773 50854 50932 
50947 51023 51027 51035 51110 51221 51262 51305 51352 51392 
51448 51519 51532 51562 51774 51831 51904 51948 51995 52041 
52057 52077 52180 52223 52276 52299 52322 52349 52463 52468 
52475 52556 52568 52616 52655 52725 52900 52994 53032 53054 
53122 53130 53136 53190 53220 53330 53378 53445 53611 53640 
53924 53946 54020 54034 54100 54107 54110 54147 54175 54203 
54208 54323 54349 54361 54361 54375 54402 54493 54501 54577 
54632 54637 54811 54886 54889 54915 54926 54950 54958 55003 
55028 55153 55207 55241 55291 55298 55419 55683 55718 55733 
55748 55750 55876 56039 56113 56116 56120 56201 56368 56506 
56541 56550 56611 56675 56722 56812 56991 56995 57011 57033 
57046 57054 57064 57074 57084 57122 57147 57176 57187 57257 
57285 57329 57344 57495 57502 57523 57610 57616 57763 57791 
57822 57875 57894 57944 58015 58032 58039 58146 58169 58172 
58423 58442 58472 58532 58549 58589 58721 58727 58782 58897 
59018 59087 59130 59131 59155 59305 59404 59410 59471 59527 
59648 59662 59679 59796 59816 59893 59895 59988 60089 60192 
60232 60247 60251 60274 60276 60349 60368 60416 60461 60502 
60534 60608 60805 60925 61025 61081 61115 61186 61198 61285 
61330 61559 61601 61692 61719 61856 61935 62031 62067 62258 
62274 62279 62319 62394 62461 62556 62563 62565 62590 62604 
62646 62755 62781 62845 62868 62889 62893 62904 62981 63025 
63038 63063 63078 63092 63126 63135 63137 63231 63287 63370 
63393 63395 63396 63433 63472 63477 63484 63499 63506 63570 
63587 63627 63636 63691 63711 63733 63846 63847 63941 63965 
63969 64089 64117 64217 64222 64252 64327 64336 64390 64508 
64551 64556 64575 64606 64623 64640 64672 64674 64763 64788 
64855 64886 64894 65028 65029 65047 65120 65126 65136 65203 
65306 65363 65409 65478 65521 65588 65600 65703 65704 65787 
65993 66131 66210 66217 66272 66285 66324 66341 66402 66430 
66438 66573 66630 66688 66791 67152 67210 67277 67287 67349 
67373 67409 67429 67432 67493 67518 67553 67571 67605 67639 
67704 67720 67778 67894 68036 68116 68285 68322 68326 68372 
68501 68656 68692 68776 68802 68821 68838 68852 68867 68877 
68952 68965 69078 69212 69245 69286 69293 69353 69446 69505 
69521 69556 69576 69646 69755 69763 69869 69873 69980 70010 
70114 70152 70161 70269 70438 70441 70462 70623 70677 70711 
70727 70746 70752 70806 70822 70848 70852 70863 70877 71047 
71082 71131 71137 71251 71342 71604 71855 71860 72128 72190 
72288 72362 72385 72472 72529 72544 72558 72606 72631 72644 
72664 72744 72857 72859 72908 72962 72972 73096 73189 73240 
73325 73476 73577 73770 73830 73890 73954 73966 73969 74020 
74081 74114 74142 74236 74269 74369 74522 74529 74533 74546 
74617 74674 74690 74818 74831 74900 74975 74980 75027 75137 
75138 75305 75332 75391 75563 75568 75574 75586 75660 75748 
75763 75801 75863 76009 76093 76110 76209 76298 76332 76342 
76343 76353 76415 76439 76443 76493 76609 76609 76681 76698 
76741 76758 76776 76791 76924 76971 76991 77085 77187 77189 
77254 77264 77351 77393 77449 77468 77518 77529 77609 77671 
77756 77931 78021 78063 78081 78128 78231 78265 78326 78394 
78569 78600 78869 78896 78944 78973 79036 79134 79243 79257 
79347 79362 79413 79484 79581 79678 79736 79811 79914 79923 
79954 80254 80297 80325 80535 80572 80634 80720 80804 80992 
81021 81160 81163 81221 81244 81346 81385 81421 81463 81529 
81590 81641 81678 81708 81765 81778 81849 81945 81955 82009 
82076 82107 82140 82223 82310 82325 82558 82608 82624 82649 
82669 82824 82848 82911 83102 83180 83188 83252 83376 83376 
83410 83475 83569 83579 83611 83632 83644 83658 83671 83765 
83816 83845 83878 83935 83967 84126 84166 84206 84275 84330 
84466 84572 84576 84596 84666 84685 84692 84723 84764 84766 
84929 84954 85076 85118 85147 85200 85310 85356 85361 85432 
85464 85490 85535 85617 85775 85784 85789 85802 85922 85929 
85959 86071 86168 86174 86252 86274 86396 86494 86709 86730 
86925 87004 87033 87211 87274 87336 87353 87385 87424 87459 
87544 87555 87829 87907 88027 88033 88078 88312 88392 88461 
88467 88493 88539 88543 88764 88962 88965 89057 89100 89251 
89272 89354 89413 89609 89735 89800 89847 89951 89955 89958 
89973 90101 90281 90316 90345 90350 90460 90483 90487 90532 
90540 90588 90723 90739 90871 90890 90891 90935 90944 91023 
91028 91157 91294 91314 91322 91464 91551 91599 91621 91651 
91687 91705 91742 91769 91866 91880 91888 91912 92026 92209 
92316 92372 92403 92492 92510 92516 92579 92611 92752 92799 
92815 92975 93011 93011 93084 93110 93135 93135 93362 93384 
93454 93540 93638 93681 93724 93738 93776 93792 93908 94005 
94169 94197 94212 94243 94296 94317 94322 94325 94353 94363 
94370 94415 94506 94562 94596 94835 94858 94873 94960 94973 
95046 95156 95194 95361 95363 95374 95747 95827 96276 96283 
96425 96503 96544 96589 96603 96621 96681 96698 96810 97003 
97047 97133 97134 97148 97165 97213 97277 97445 97460 97467 
97700 97933 97937 98336 98420 98440 98689 98747 98860 98923 
98930 98977 98978 99002 99026 99062 99090 99112 99159 99178 
99204 99213 99260 99275 99308 99390 99401 99577 99592 99612 
99646 99791 99813 99851 99889 99965 99986 100230 100360 100527 
100535 100758 100888 101215 101257 101399 101403 101418 101442 101508 
101556 101586 101620 101702 101873 101912 101956 102030 102040 102065 
102117 102185 102207 102248 102251 102257 102283 102307 102385 102432 
102436 102462 102470 102482 102503 102579 102647 102668 102742 102842 
102842 102867 102932 102971 103017 103069 103073 103174 103193 103453 
103607 103663 103802 103804 103864 103920 103979 104017 104111 104172 
104234 104290 104329 104464 104563 104632 104639 104768 104810 104851 
104936 105054 105104 105266 105300 105304 105359 105407 105534 105591 
105672 105955 106002 106006 106180 106291 106320 106332 106397 106399 
106415 106490 106498 106609 106658 106691 106764 106854 107032 107133 
107196 107230 107340 107409 107437 107450 107512 107555 107667 107713 
107758 107769 107816 107817 107878 107879 107928 108001 108034 108350 
108414 108451 108466 108466 108497 108507 108581 108584 108596 108607 
108651 108661 108663 108738 108746 108802 108904 108985 109076 109146 
109169 109208 109291 109403 109418 109474 109476 109495 109609 109635 
109644 109696 109700 109715 110006 110060 110348 110379 110453 110483 
110818 110865 110867 110941 110988 111085 111262 111339 111495 111514 
111659 111680 111766 111771 111825 111833 111846 111857 111972 111977 
112057 112150 112255 112267 112659 112748 112817 112827 112847 112882 
112928 113031 113036 113040 113185 113295 113346 113439 113608 113695 
113711 113723 113739 113937 114027 114068 114083 114212 114226 114256 
114297 114394 114489 114515 114550 114580 114694 114706 114750 114774 
114825 114835 114925 114977 114985 114989 115033 115178 115183 115187 
115206 115309 115356 115360 115418 115552 115642 115642 115646 115671 
115704 115704 115747 115868 115876 115951 115951 115974 115996 116076 
116098 116111 116113 116146 116254 116332 116435 116532 116579 116611 
116641 116724 116729 116794 116896 117035 117037 117146 117157 117192 
117220 117237 117299 117309 117344 117353 117466 117477 117484 117484 
117487 117567 117645 117677 117761 117851 117855 117887 117960 117969 
118118 118167 118178 118179 118236 118295 118353 118397 118414 118647 
118657 118659 118686 118693 118731 118770 118936 118959 119066 119183 
119188 119284 119309 119329 119336 119336 119392 119421 119633 119650 
119691 119728 119778 119841 119843 119883 120111 120149 120159 120228 
120269 120274 120397 120401 120440 120509 120528 120712 120962 120991 
121082 121276 121303 121401 121405 121463 121505 121522 121576 121605 
121659 121785 121892 121903 121941 121998 122015 122130 122136 122318 
122482 122550 122577 122653 122719 122904 122972 122990 123045 123070 
123115 123180 123185 123206 123277 123332 123374 123443 123447 123509 
123569 123720 123790 123894 123909 123922 123927 123955 123999 124070 
124111 124196 124273 124289 124361 124380 124621 124687 124701 124713 
124717 124762 124957 124975 125148 125163 125509 125576 125664 125796 
125906 126041 126046 126117 126193 126251 126278 126330 126390 126432 
126468 126491 126557 126601 126643 126643 126654 126863 126878 126891 
127036 127056 127104 127159 127244 127262 127605 127656 127660 127666 
127768 127783 127858 128017 128039 128152 128192 128227 128337 128440 
128454 128473 128593 128614 128648 128697 128821 128835 128874 128874 
128922 129009 129024 129028 129177 129187 129191 129214 129345 129501 
129554 129634 129688 129698 129720 129860 129926 129937 130041 130045 
130064 130084 130194 130200 130287 130503 130525 130618 130623 130703 
130751 130798 130868 130869 130889 130965 130999 131017 131067 131150 
131235 131282 131359 131437 131478 131514 131542 131576 131607 131795 
131919 131965 132004 132077 132128 132221 132228 132356 132356 132479 
132560 132598 132646 132688 132745 132837 132937 133074 133079 133136 
133217 133292 133421 133424 133485 133503 133636 133649 133944 133981 
133982 134005 134116 134201 134212 134229 134359 134396 134412 134450 
134513 134696 134783 134825 134834 134948 134953 134976 135111 135120 
135247 135285 135315 135323 135349 135373 135385 135502 135616 135635 
135675 135854 135953 136031 136034 136051 136152 136174 136235 136495 
136501 136540 136572 136577 136584 136663 136738 136801 136851 136927 
136954 136993 137041 137042 137058 137070 137121 137149 137260 137307 
137617 137684 137739 137763 137815 137941 137972 138001 138060 138098 
138150 138172 138230 138253 138302 138387 138396 138420 138541 138558 
138641 138677 138776 138783 138794 138935 139028 139076 139191 139225 
139416 139458 139626 139691 139697 139699 139723 139787 139792 139798 
139837 140001 140021 140073 140204 140356 140389 140551 140612 140620 
140883 140888 141114 141140 141173 141289 141301 141313 141341 141406 
141641 141727 141815 141878 141953 141978 141997 142121 142146 142221 
142430 142486 142542 142571 142672 142749 142834 142876 142881 142923 
142961 142971 143034 143108 143176 143197 143471 143478 143484 143486 
143520 143606 143828 143837 143865 143873 143902 143977 144004 144152 
144160 144176 144182 144231 144280 144297 144313 144347 144390 144395 
144451 144472 144539 144576 144625 144677 144769 144789 144809 144814 
144875 145012 145146 145223 145308 145417 145418 145543 145654 145756 
145898 146012 146037 146082 146101 146118 146255 146281 146282 146398 
146467 146493 146529 146593 146640 146644 146687 146739 146740 146847 
146998 147017 147122 147183 147188 147212 147271 147318 147339 147417 
147482 147494 147542 147644 147717 147867 147971 147973 148145 148285 
148290 148323 148420 148435 148465 148512 148531 148574 148655 148765 
148901 148905 148964 148979 149036 149164 149208 149296 149319 149328 
149442 149469 149495 149574 149639 149734 149745 149939 149991 150168 
150207 150338 150362 150478 150494 150758 150780 150795 150801 150808 
150910 150957 151037 151183 151207 151236 151383 151500 151654 151761 
151764 151769 151899 151957 151991 152246 152373 152385 152456 152530 
152600 152704 152740 152783 152792 152850 152962 153005 153034 153101 
153123 153150 153156 153188 153337 153395 153445 153452 153465 153531 
153577 153605 153646 153733 153748 154179 154402 154418 154552 154658 
154667 154674 154748 154787 154787 154827 154952 155036 155081 155133 
155174 155200 155377 155407 155414 155496 155626 155636 155679 155683 
155722 155775 155806 155812 155901 155973 156067 156143 156245 156270 
156357 156451 156457 156490 156509 156761 156779 156948 156972 157026 
157036 157041 157071 157086 157329 157346 157375 157410 157499 157530 
157616 157690 157741 157843 157883 157969 157993 158035 158390 158446 
158464 158494 158548 158555 158622 158869 158892 158895 158915 158923 
158930 158930 158982 159061 159075 159202 159231 159251 159329 159374 
159413 159463 159470 159471 159499 159524 159554 159749 159811 159875 
159942 159958 160010 160129 160134 160222 160296 160297 160330 160369 
160406 160431 160454 160540 160707 160764 160893 160904 161022 161168 
161202 161263 161361 161519 161575 161579 161584 161779 161882 161921 
162063 162197 162219 162351 162426 162554 162623 162635 162759 162788 
162817 162955 162996 163020 163115 163194 163296 163396 163611 163625 
163644 163706 163726 163774 163799 163846 163932 164007 164026 164212 
164267 164303 164309 164391 164560 164580 164615 164680 164681 164690 
164763 164812 164822 164840 164902 164957 165001 165178 165270 165380 
165452 165491 165603 165617 165667 165833 165866 165899 166005 166065 
166088 166224 166321 166391 166508 166619 166674 166699 166764 166776 
166924 166945 166999 167013 167014 167358 167362 167429 167542 167557 
167575 167622 167787 167843 167858 167889 167893 167907 167928 168017 
168021 168085 168103 168149 168159 168290 168290 168500 168544 168552 
168554 168677 168685 168709 168788 168795 168807 168810 168841 168945 
169017 169042 169102 169134 169167 169418 169457 169543 169571 169590 
169623 169670 169842 169900 169981 170062 170084 170085 170234 170259 
170273 170285 170292 170311 170337 170371 170415 170519 170830 170896 
170910 170966 171000 171003 171026 171079 171104 171197 171300 171367 
171369 171509 171669 171837 171837 171851 171972 172032 172038 172103 
172114 172171 172186 172264 172275 172323 172432 172450 172524 172666 
172673 172713 172902 172903 172966 172984 172999 173004 173100 173113 
173141 173172 173199 173229 173292 173354 173371 173423 173431 173581 
173701 173724 173884 173935 173940 174178 174211 174319 174342 174373 
174384 174454 174575 174589 174593 174604 174635 174708 175021 175169 
175262 175373 175480 175562 175708 175747 175782 175825 175931 175933 
175940 175950 175975 176050 176055 176195 176226 176237 176260 176306 
176497 176642 176734 176815 176872 176948 177067 177149 177385 177418 
177431 177491 177539 177602 177638 177646 177702 177711 177730 177878 
178006 178056 178129 178198 178271 178275 178367 178424 178506 178506 
178574 178591 178648 178681 178745 178978 179004 179005 179035 179046 
179090 179132 179154 179170 179190 179234 179249 179281 179303 179320 
179388 179462 179471 179543 179831 179925 179937 179979 180030 180072 
180099 180141 180217 180400 180416 180481 180489 180595 180639 180666 
180741 180825 180881 180977 181005 181135 181163 181209 181209 181265 
181272 181344 181442 181458 181524 181692 181709 181758 181794 181844 
181882 182125 182128 182139 182186 182271 182310 182324 182328 182434 
182455 182524 182637 182658 182683 182691 182793 182807 182809 182897 
182902 182984 183003 183256 183326 183372 183482 183531 183627 183697 
183848 183906 184171 184187 184404 184437 184438 184469 184543 184570 
184573 184585 184586 184609 184646 184811 184841 184887 184899 184925 
184976 184977 185016 185237 185263 185268 185307 185587 185612 185814 
185847 185905 185993 186010 186039 186184 186274 186411 186456 186481 
186556 186650 186671 186676 186717 186787 186818 186851 186861 186885 
186976 187001 187011 187021 187046 187104 187122 187184 187187 187295 
187346 187535 187694 187781 187789 187803 187829 187912 187919 187952 
187962 187976 187991 187994 188040 188051 188065 188085 188155 188184 
188273 188348 188350 188363 188629 188677 188684 188697 188699 188837 
188901 188915 188988 189079 189171 189196 189208 189212 189220 189458 
189705 189772 189784 189793 189838 189967 189996 190024 190071 190340 
190364 190368 190405 190422 190561 190609 190754 190896 190919 191031 
191084 191184 191211 191311 191351 191352 191421 191550 191604 191720 
191721 191820 191879 191926 192077 192170 192377 192394 192483 192708 
192713 192854 192854 192890 192995 193062 193123 193186 193210 193213 
193371 193387 193397 193440 193451 193493 193556 193658 193692 193710 
193831 193883 193892 193892 193962 193979 194078 194179 194183 194314 
194351 194387 194539 194651 194705 194810 194958 195020 195295 195345 
195470 195508 195617 195648 195650 195696 195705 195767 195794 195853 
195915 196217 196377 196428 196489 196544 196548 196549 196590 196689 
196747 196748 196761 196771 196791 196837 196869 196914 196916 196927 
196927 196960 197052 197091 197302 197305 197542 197601 197625 197727 
197744 197753 197827 197900 197925 197942 198087 198210 198223 198259 
198282 198347 198391 198437 198520 198535 198632 198748 198773 198804 
198806 198871 198913 198949 199032 199078 199105 199222 199227 199259 
199288 199307 199322 199636 199724 199818 199820 199848 199886 200061 
200097 200125 200168 200214 200219 200324 200350 200443 200444 200469 
200496 200535 200540 200548 200612 200668 200795 200872 201051 201144 
201160 201162 201273 201389 201397 201485 201487 201543 201568 201631 
201658 201753 201762 201897 201926 201963 201998 202017 202079 202169 
202332 202341 202341 202369 202498 202507 202643 202712 202781 202829 
202890 202901 202986 203000 203117 203118 203261 203365 203458 203464 
203471 203529 203549 203552 203652 203691 203704 203748 203945 203959 
204155 204158 204166 204319 204382 204418 204436 204449 204454 204490 
204503 204533 204886 204947 204951 205014 205047 205125 205144 205234 
205374 205502 205506 205540 205662 205737 205842 205854 205880 205999 
206040 206078 206118 206144 206206 206218 206233 206370 206435 206439 
206552 206698 206760 206812 206941 206956 207009 207016 207138 207154 
207203 207269 207300 207481 207543 207546 207546 207646 207803 207881 
207932 208020 208147 208149 208238 208283 208289 208372 208480 208662 
208734 208783 208911 209043 209086 209271 209302 209493 209522 209563 
209609 209637 209717 209771 209788 209802 209877 210072 210118 210133 
210151 210319 210332 210350 210419 210511 210578 210738 210869 210877 
210971 211051 211077 211146 211250 211304 211316 211417 211489 211504 
211533 211543 211577 211673 211758 211852 211867 211898 212010 212096 
212109 212112 212142 212149 212166 212196 212274 212329 212351 212375 
212423 212455 212514 212697 212803 212857 212881 212932 212944 212966 
212971 212979 213069 213275 213310 213433 213486 213523 213555 213562 
213654 213658 213678 213683 213772 213790 213853 213922 213929 213943 
213995 214047 214061 214112 214165 214171 214223 214228 214303 214310 
214337 214363 214366 214386 214441 214548 214574 214587 214645 214665 
214670 214708 214731 214736 214755 214781 214782 214799 214815 214889 
214975 215030 215088 215121 215159 215192 215267 215278 215330 215442 
215500 215519 215558 215573 215672 215719 215752 215776 215846 215870 
215924 216013 216105 216123 216201 216285 216503 216509 216537 216689 
216730 216769 216772 216824 216850 216923 216980 217032 217034 217109 
217115 217298 217604 217692 217712 218143 218166 218169 218194 218204 
218302 218426 218474 218790 218792 218875 218965 219010 219177 219221 
219228 219490 219714 219790 219796 219809 219832 219835 219875 219927 
220096 220121 220165 220504 220771 220804 220857 220937 220994 220995 
221044 221071 221088 221160 221188 221235 221239 221290 221343 221386 
221397 221473 221480 221524 221550 221806 221868 221939 221952 222004 
222024 222221 222221 222308 222419 222424 222476 222508 222675 222677 
222690 222722 222752 222758 222787 223032 223036 223047 223067 223080 
223110 223110 223157 223188 223287 223378 223390 223461 223522 223538 
223606 223699 223896 223911 223988 224026 224117 224135 224188 224240 
224583 224667 224720 224790 224835 224850 224886 224897 224926 224997 
225006 225023 225052 225106 225176 225195 225198 225292 225312 225374 
225394 225492 225503 225609 225679 225711 225807 225848 226015 226127 
226381 226389 226745 226760 226863 226877 227006 227026 227059 227180 
227264 227407 227580 227583 227819 227907 227956 227972 228183 228243 
228245 228261 228316 228367 228380 228406 228495 228501 228530 228783 
228795 229031 229084 229097 229106 229111 229114 229218 229254 229259 
229567 229595 229607 229661 229668 229684 229710 229791 229828 229882 
229949 230001 230149 230162 230174 230177 230194 230228 230238 230283 
230377 230484 230535 230543 230579 230649 230715 230726 230742 230749 
230825 230836 230907 230995 231054 231068 231089 231093 231163 231206 
231334 231337 231656 231688 231712 231731 231736 231746 231753 231796 
231835 231895 231920 231924 231973 231992 231999 232127 232159 232167 
232373 232374 232428 232482 232526 232534 232567 232592 232604 232730 
232747 232796 232834 232860 232939 232949 233015 233129 233190 233258 
233265 233293 233314 233324 233416 233517 233522 233638 233643 233658 
233722 233750 233831 233841 233894 233977 234125 234132 234156 234243 
234313 234347 234405 234435 234550 234688 234773 234837 234841 234953 
235198 235206 235276 235338 235349 235351 235361 235384 235406 235414 
235416 235767 235767 235817 235952 235988 236195 236214 236283 236448 
236520 236539 236565 236810 237167 237171 237238 237290 237364 237375 
237389 237563 237609 237640 237659 237784 237799 237827 237896 237959 
238125 238138 238140 238291 238299 238337 238377 238448 238488 238519 
238527 238558 238560 238574 238782 238810 238932 238995 239284 239352 
239415 239556 239572 239843 239919 239922 239925 240007 240044 240046 
240052 240064 240073 240119 240162 240173 240206 240234 240275 240281 
240425 240485 240501 240537 240553 240558 240643 240824 240846 240852 
240957 240998 241298 241318 241496 241511 241522 241747 241967 242024 
242031 242076 242114 242180 242301 242398 242564 242717 242809 242845 
242913 242925 242946 242983 243005 243015 243049 243108 243248 243254 
243424 243499 243679 243754 243775 243841 243871 243885 244057 244138 
244155 244235 244242 244303 244388 244494 244700 244734 244810 244901 
244943 245017 245130 245219 245227 245260 245286 245491 245500 245526 
245631 245949 245992 246051 246062 246074 246212 246221 246265 246450 
246466 246502 246650 246670 246686 246748 246810 246856 246856 246882 
246997 247173 247209 247451 247471 247555 247707 247792 247866 247913 
247921 247968 247977 248027 248112 248192 248224 248388 248583 248654 
248689 248718 248779 248788 248876 248894 248967 249035 249111 249133 
249172 249174 249201 249238 249339 249390 249416 249650 249684 249701 
249705 249727 249803 249853 249929 249984 249997 250291 250392 250491 
250599 250609 250659 250672 250714 250828 251082 251203 251218 251313 
251351 251399 251445 251464 251489 251510 251600 251650 251771 251787 
251827 251978 252221 252327 252338 252372 252486 252576 252589 252633 
252643 252652 252672 252732 252758 252761 252783 252792 252806 252876 
253004 253022 253026 253118 253384 253443 253682 253839 253853 253892 
253975 253990 253997 254033 254111 254161 254206 254209 254226 254262 
254343 254362 254487 254501 254513 254517 254586 254671 254787 254848 
254923 255014 255045 255152 255226 255299 255351 255462 255527 255647 
255652 255742 255748 255757 255758 255816 255846 255855 255858 255868 
255893 255894 255935 256023 256027 256032 256113 256203 256205 256250 
256251 256280 256307 256337 256443 256448 256822 256967 257035 257053 
257059 257060 257111 257170 257358 257442 257454 257670 257825 257977 
257988 258150 258234 258376 258443 258445 258503 258531 258632 258741 
258756 258826 258835 258846 258887 258889 258913 258942 259038 259432 
259535 259557 259588 259721 259755 259803 259877 259982 260041 260152 
260184 260204 260214 260250 260307 260486 260531 260548 260580 260735 
260767 260831 260840 260853 260981 261031 261056 261101 261118 261137 
261182 261256 261331 261346 261387 261407 261415 261481 261571 261610 
261630 261666 261827 261834 261840 261936 262000 262049 262097 262104 
262218 262218 262255 262373 262391 262517 262524 262684 262696 262728 
262743 262771 262909 262939 262952 263093 263153 263276 263282 263473 
263483 263579 263788 263792 263840 264075 264149 264155 264170 264223 
264234 264289 264386 264407 264418 264506 264565 264744 264763 264775 
264796 264907 264909 264952 265010 265068 265137 265193 265252 265272 
265317 265350 265355 265475 265494 265505 265533 265664 265666 265749 
265841 265857 265980 265981 266110 266170 266182 266237 266279 266287 
266322 266343 266370 266378 266396 266418 266429 266545 266575 266640 
266660 266695 267020 267110 267238 267292 267368 267559 267574 267589 
267595 267611 267625 267635 267673 267674 267695 267705 267822 267915 
267933 267936 268070 268126 268332 268348 268400 268525 268561 268665 
268669 268712 268736 268840 268931 268958 269005 269050 269163 269223 
269284 269317 269381 269696 269706 269816 269868 269887 269948 270031 
270150 270191 270257 270461 270529 270616 270668 270705 270732 270802 
270832 270862 270879 270929 270965 270991 271040 271050 271054 271074 
271228 271445 271525 271696 271719 271751 271782 271812 271833 271861 
271895 272010 272095 272263 272364 272442 272453 272472 272580 272739 
272754 272778 272846 272945 273017 273091 273180 273185 273187 273337 
273382 273461 273538 273566 273705 273731 273810 273844 273876 273915 
274083 274124 274282 274509 274565 274598 274620 274870 275058 275110 
275170 275233 275234 275393 275409 275526 275611 275733 275779 275788 
275790 275797 275801 275824 275851 275863 275899 275905 275924 275925 
275947 275983 276086 276105 276145 276184 276389 276410 276568 276591 
276628 276713 276724 276776 276868 276915 276916 276991 277033 277060 
277162 277191 277219 277412 277415 277440 277559 277583 277656 277701 
277918 277954 277986 278013 278032 278074 278075 278089 278291 278322 
278328 278333 278397 278492 278580 278658 278662 278664 278692 278697 
278742 278757 278865 278883 278891 278926 279024 279322 279577 279601 
279616 279678 279822 279827 279838 279908 279916 279968 280000 280129 
280149 280164 280167 280250 280289 280533 280550 280723 280911 280913 
280939 280956 280991 280995 280999 281094 281240 281272 281312 281331 
281412 281467 281508 281729 281743 281879 281966 281988 282009 282032 
282198 282252 282290 282291 282299 282312 282313 282317 282320 282403 
282500 282514 282554 282568 282569 282576 282678 282884 282894 283024 
283389 283397 283547 283583 283630 283693 283738 283816 283907 283952 
283992 284005 284013 284115 284257 284281 284380 284419 284469 284497 
284592 284669 284699 284847 284914 284990 285057 285077 285120 285212 
285238 285286 285371 285398 285417 285466 285576 285631 285666 285718 
285853 285859 285881 285988 286044 286048 286142 286156 286168 286226 
286471 286547 286558 286563 286579 286583 286629 286715 286814 286854 
286860 286914 286920 287014 287023 287038 287051 287190 287194 287279 
287321 287380 287429 287436 287440 287444 287469 287472 287555 287564 
287575 287590 287640 287787 287828 287832 287846 287858 287862 287876 
287942 287994 288008 288070 288193 288226 288342 288343 288391 288497 
288504 288506 288579 288746 288761 288895 289158 289227 289244 289251 
289346 289377 289708 289749 289848 289897 289908 289933 289986 289989 
289999 290089 290095 290409 290711 290741 290765 290788 290924 291075 
291087 291137 291156 291166 291280 291300 291333 291413 291579 291597 
291625 291683 291684 291817 291833 291834 291928 291941 292021 292329 
292357 292419 292506 292534 292542 292623 292705 292753 292805 292883 
292892 292915 292915 292917 292955 292956 292976 292996 293068 293096 
293154 293156 293198 293237 293339 293370 293376 293382 293416 293439 
293751 293784 293891 294022 294076 294086 294153 294212 294291 294405 
294483 294562 294654 294688 294764 294823 294873 294923 295014 295027 
295401 295537 295686 295721 295723 295725 295786 295796 295855 295862 
295880 295895 295950 296012 296025 296054 296066 296234 296306 296350 
296392 296397 296461 296478 296584 296599 296607 296657 296733 296937 
296974 297018 297036 297115 297153 297200 297205 297241 297300 297604 
297642 297665 297699 297745 298009 298021 298120 298125 298262 298357 
298459 298503 298547 298664 298675 298727 298775 298827 298976 298978 
298993 299096 299145 299174 299325 299430 299435 299436 299505 299581 
299582 299585 299662 299687 299826 299924 299954 299959 299969 300223 
300333 300480 300496 300555 300592 300609 300762 300976 301018 301028 
301114 301216 301248 301253 301280 301302 301370 301461 301829 301845 
301960 301997 302049 302099 302128 302248 302273 302287 302338 302378 
302382 302393 302431 302487 302544 302621 302623 302693 302767 302877 
303085 303127 303198 303277 303301 303336 303352 303389 303452 303502 
303508 303540 303588 303626 303716 304073 304090 304105 304158 304185 
304187 304197 304276 304329 304390 304400 304528 304581 304709 304722 
304817 304895 304905 305014 305016 305042 305084 305087 305135 305137 
305150 305174 305201 305322 305359 305445 305497 305578 305609 305804 
305860 305875 305930 305954 305999 306143 306234 306265 306311 306404 
306453 306474 306517 306545 306729 306729 306771 306780 306857 306879 
306889 306981 307000 307043 307062 307100 307142 307182 307195 307293 
307347 307364 307399 307525 307525 307534 307569 307587 307660 307661 
307718 307767 307775 307849 307871 307890 307897 308022 308070 308109 
308391 308394 308401 308497 308539 308543 308636 308648 308664 308701 
308715 308740 308742 308798 308870 308923 308938 309031 309048 309109 
309132 309256 309454 309458 309481 309492 309498 309714 309720 309757 
309802 310004 310076 310240 310300 310391 310560 310633 310762 310800 
310824 310839 310932 311039 311120 311124 311146 311156 311269 311269 
311288 311301 311330 311401 311434 311564 311633 311669 311685 311811 
311838 311878 311930 311992 312079 312244 312394 312636 312651 312706 
312848 312860 312905 312944 313267 313286 313306 313446 313557 313570 
313602 313619 313753 313788 313861 313929 314007 314028 314077 314168 
314186 314260 314296 314312 314406 314440 314478 314493 314641 314734 
314834 314938 315000 315045 315148 315338 315432 315445 315452 315534 
315790 315819 315875 315892 315969 315996 316077 316176 316190 316246 
316341 316488 316757 316787 316833 316867 316891 316900 317020 317059 
317066 317209 317317 317377 317406 317412 317491 317522 317615 317683 
317852 317918 317925 318042 318045 318069 318078 318155 318384 318470 
318528 318568 318620 318629 318650 318677 318687 318703 318802 318809 
318824 318955 319033 319052 319115 319135 319215 319230 319455 319601 
319627 319656 319736 319742 319752 319778 319818 319860 319923 319934 
319956 319970 320036 320068 320090 320109 320120 320125 320375 320386 
320394 320431 320481 320495 320502 320561 320627 320679 320741 320942 
320996 321023 321057 321060 321066 321114 321165 321285 321435 321439 
321476 321551 321768 321887 321905 321959 321970 322024 322064 322070 
322149 322211 322264 322318 322387 322394 322463 322509 322548 322568 
322727 322768 322794 322828 322874 322976 323002 323012 323020 323028 
323066 323131 323147 323156 323191 323250 323339 323378 323415 323535 
323579 323601 323621 323639 323697 323767 323894 323916 323952 323954 
323999 324016 324021 324053 324115 324286 324345 324387 324660 324784 
324801 324862 325074 325084 325091 325169 325191 325269 325316 325349 
325365 325522 325571 325597 325633 325650 325682 325758 325884 325914 
326105 326308 326366 326415 326444 326486 326541 326735 326772 326846 
326945 327034 327042 327206 327312 327384 327412 327421 327554 327662 
327672 327675 327769 327816 327898 327919 328037 328271 328284 328293 
328304 328410 328488 328505 328517 328692 328701 328735 328757 328871 
329001 329148 329161 329197 329227 329258 329261 329294 329345 329349 
329405 329460 329483 329495 329518 329546 329656 329742 329813 329838 
329980 330069 330112 330153 330257 330313 330524 330539 330588 330588 
330687 330714 330716 330736 330793 330807 330862 330931 330931 331041 
331051 331204 331235 331371 331400 331659 331669 331707 331746 331824 
331843 331887 331888 331913 331938 331971 331979 332000 332057 332135 
332181 332257 332274 332319 332376 332399 332481 332579 332647 332681 
332705 332752 332776 332892 332948 332978 332990 333125 333149 333153 
333176 333242 333419 333439 333479 333539 333547 333654 333703 333753 
333805 333910 333995 334007 334049 334067 334112 334338 334423 334466 
334554 334712 334754 334769 334787 334838 335015 335064 335136 335138 
335149 335209 335267 335347 335355 335417 335518 335583 335670 335679 
335785 335855 336003 336043 336089 336177 336259 336332 336431 336434 
336442 336488 336519 336640 336689 336698 336857 336876 336979 337050 
337087 337120 337195 337223 337294 337306 337441 337447 337499 337512 
337651 337790 338287 338374 338502 338591 338594 338614 338619 338630 
338667 338676 338695 338897 338962 339061 339067 339235 339236 339246 
339267 339359 339365 339608 339653 339741 339761 339887 340017 340103 
340117 340173 340276 340292 340411 340571 340607 340726 340811 340839 
340876 340925 340930 340957 341033 341035 341355 341503 341539 341549 
341554 341591 341604 341630 341759 341798 341852 342072 342153 342258 
342376 342415 342465 342553 342729 342912 342982 342987 343039 343062 
343221 343258 343341 343378 343418 343549 343622 343643 344137 344276 
344421 344428 344571 344598 344638 344648 344656 344678 344766 344777 
344858 344938 345182 345438 345475 345580 345694 345733 345741 345766 
345794 345814 345824 345930 345999 346016 346032 346070 346226 346334 
346343 346448 346452 346649 346767 346771 346789 346853 346891 346909 
347042 347130 347176 347258 347308 347342 347389 347395 347419 347536 
347586 347623 347791 347813 347833 347844 347852 347926 347991 348141 
348175 348211 348279 348279 348291 348305 348352 348385 348449 348564 
348565 348581 348803 348849 348858 348872 349060 349099 349100 349138 
349183 349192 349359 349437 349521 349730 349793 349800 349873 350116 
350243 350274 350275 350301 350462 350665 350711 350731 350926 350980 
351068 351247 351253 351285 351297 351396 351439 351449 351459 351488 
351491 351499 351502 351542 351556 351815 351960 351973 352041 352041 
352043 352063 352176 352373 352381 352396 352419 352420 352443 352573 
352600 352605 352624 352657 352680 352799 352818 352838 352873 352945 
352991 353008 353018 353150 353174 353349 353524 353548 353596 353758 
353762 353820 353906 353934 353976 353998 354096 354099 354131 354179 
354264 354268 354311 354313 354457 354458 354490 354605 354618 354636 
354662 354696 354697 354722 354741 354820 354876 354961 354969 355054 
355087 355164 355175 355244 355297 355329 355329 355421 355454 355494 
355531 355547 355586 355662 355690 355749 355803 355827 355892 355920 
355931 355956 356086 356139 356161 356174 356220 356268 356405 356430 
356435 356437 356466 356510 356602 356620 356709 356799 356843 356899 
356920 356940 356981 357021 357046 357080 357085 357097 357107 357156 
357228 357365 357399 357431 357436 357448 357484 357544 357818 357910 
358053 358083 358096 358125 358149 358162 358320 358386 358432 358467 
358483 358607 358641 358646 358748 358825 358880 358909 358918 358964 
359102 359150 359213 359323 359334 359354 359412 359516 359572 359616 
359623 359711 359742 359808 359887 359955 360154 360199 360322 360389 
360483 360522 360576 360630 360648 360664 360707 360753 360780 360822 
360860 360899 360994 360999 361098 361105 361106 361129 361254 361268 
361281 361287 361289 361401 361465 361530 361556 361584 361616 361616 
361642 361647 361705 361715 361924 362032 362087 362131 362155 362162 
362227 362309 362396 362610 362661 362681 362692 362796 362849 362955 
363099 363132 363134 363245 363252 363310 363324 363338 363350 363365 
363410 363449 363502 363548 363672 363681 364000 364027 364156 364175 
364363 364385 364552 364574 364718 364783 364821 364831 364864 364886 
364900 364910 364933 364938 364956 365035 365035 365080 365098 365185 
365213 365243 365256 365316 365340 365443 365447 365554 365567 365573 
365592 365768 365834 365971 366059 366095 366252 366360 366367 366374 
366410 366456 366505 366543 366617 366779 366795 366859 367042 367233 
367410 367489 367496 367620 367632 367644 367765 367797 367869 367887 
367905 368006 368092 368204 368208 368216 368244 368335 368348 368355 
368401 368473 368480 368585 368619 368671 368704 368778 368860 368901 
369084 369221 369264 369278 369315 369394 369509 369534 369540 369608 
369650 369651 369696 369707 369707 369768 369784 369916 369968 370026 
370044 370055 370094 370168 370235 370365 370578 370586 370668 370729 
370765 370769 370783 370826 370858 370939 370958 370964 371034 371116 
371155 371281 371447 371464 371547 371598 371651 371805 371947 372112 
372134 372135 372140 372164 372173 372250 372479 372487 372499 372517 
372591 372615 372627 372641 372709 372752 372794 372810 372891 372920 
373073 373146 373240 373322 373449 373473 373497 373504 373554 373567 
373577 373702 373830 373854 373883 373904 373921 374058 374188 374246 
374282 374295 374324 374385 374388 374708 374721 374722 374788 374869 
374907 374947 374969 375058 375113 375309 375363 375378 375497 375530 
375539 375548 375627 375695 375714 375720 375995 376059 376150 376152 
376179 376185 376387 376406 376489 376592 376613 376716 376731 376775 
376814 376914 377007 377081 377130 377195 377234 377352 377415 377466 
377541 377553 377567 377678 377764 377773 377827 377904 377945 377990 
378044 378055 378297 378323 378367 378451 378467 378565 378635 378663 
378674 378684 378831 378874 378923 378940 379042 379042 379075 379083 
379088 379131 379171 379183 379208 379221 379279 379358 379369 379428 
379524 379625 379752 379818 379865 379879 379892 379957 379962 379988 
380064 380109 380279 380289 380322 380444 380466 380552 380647 380668 
380714 380778 380812 380817 380878 380888 380958 381029 381102 381102 
381168 381174 381243 381256 381306 381425 381432 381718 381870 381936 
381986 382187 382256 382482 382497 382539 382606 382615 382643 382729 
382853 383016 383150 383182 383322 383453 383469 383542 383559 383617 
383630 383672 383679 383743 383855 383865 383892 383908 383922 383970 
383983 384006 384034 384066 384085 384154 384493 384541 384655 384758 
384758 384823 384915 384992 385015 385061 385085 385093 385202 385275 
385338 385408 385498 385526 385528 385559 385653 385677 385679 385705 
385748 385830 385920 385943 386085 386170 386322 386430 386472 386662 
386726 386784 386911 386985 387015 387149 387163 387163 387182 387207 
387254 387267 387275 387325 387381 387413 387469 387504 387610 387711 
387713 387761 387779 387780 387936 387949 387964 387966 388020 388024 
388081 388186 388196 388254 388295 388360 388393 388425 388485 388517 
388584 388649 388676 388773 388777 388825 388876 388921 389157 389162 
389219 389230 389238 389242 389271 389333 389347 389499 389518 389703 
389829 389851 389923 389945 390005 390015 390021 390221 390231 390242 
390271 390386 390442 390447 390531 390543 390579 390609 390759 390785 
390897 390929 391042 391183 391263 391318 391336 391342 391374 391434 
391459 391760 391801 391826 391888 392057 392083 392107 392112 392296 
392304 392377 392472 392562 392565 392614 392655 392698 392735 392780 
392834 392850 392879 392963 392967 393137 393184 393242 393290 393294 
393302 393399 393543 393597 393702 393712 393713 393775 393971 394048 
394090 394168 394174 394318 394493 394515 394545 394565 394590 394597 
394615 394693 394697 394867 394983 394993 395035 395092 395162 395192 
395322 395448 395464 395534 395612 395648 395757 395901 395905 395972 
396143 396163 396221 396257 396328 396339 396368 396447 396451 396491 
396643 396680 396703 396710 396732 396738 396753 396790 396908 396920 
396939 397027 397030 397095 397098 397194 397230 397234 397312 397329 
397359 397404 397458 397538 397574 397606 397656 397865 397875 397877 
398013 398041 398052 398061 398156 398204 398475 398537 398588 398731 
398815 398845 398945 398946 399056 399082 399151 399154 399176 399248 
399291 399392 399531 399598 399627 399685 399758 399767 399826 399827 
399872 400024 400037 400056 400121 400154 400183 400232 400236 400375 
400432 400470 400473 400555 400688 400837 400921 400924 400934 401148 
401183 401264 401287 401491 401520 401529 401590 401595 401611 401623 
401629 401691 401694 401708 401716 401762 401846 401881 401884 401916 
401929 401936 401951 401982 402071 402143 402304 402468 402576 402749 
402870 402939 403024 403068 403151 403172 403290 403298 403380 403438 
403485 403654 403659 403897 403941 404060 404325 404337 404406 404503 
404514 404516 404530 404539 404572 404599 404611 404707 404720 404746 
404763 404798 404806 404986 404987 404989 405023 405060 405114 405265 
405268 405305 405323 405426 405583 405711 405726 405837 405845 405852 
405901 405907 405976 406019 406022 406055 406058 406093 406138 406160 
406258 406359 406374 406504 406596 406779 406792 406804 406842 406873 
407065 407113 407120 407143 407146 407245 407279 407282 407397 407429 
407589 407595 407601 407614 407666 407693 407698 407723 407793 407826 
407921 407923 407943 408045 408216 408221 408405 408411 408489 408500 
408544 408680 408713 408739 408742 408753 408794 408864 409050 409132 
409156 409389 409457 409610 409707 409988 410019 410031 410035 410140 
410154 410516 410527 410545 410686 410707 410730 410761 410849 410871 
410932 410979 411199 411222 411247 411496 411521 411580 411591 411624 
411661 411711 411793 411818 411846 411863 411958 412033 412113 412134 
412168 412284 412387 412406 412410 412411 412429 412470 412481 412486 
412552 412554 412593 412646 412670 412681 412715 412730 412773 412798 
412861 412956 412973 412982 413065 413204 413397 413445 413477 413499 
413513 413576 413660 413740 413778 414075 414124 414187 414193 414324 
414342 414347 414390 414394 414496 414559 414623 414656 414743 414752 
414769 414939 414985 415048 415359 415375 415580 415584 415589 415830 
415918 415947 415985 416032 416122 416133 416133 416136 416211 416217 
416301 416387 416428 416503 416509 416514 416529 416638 416741 416776 
416858 417039 417071 417086 417098 417169 417284 417320 417374 417394 
417406 417870 417900 417901 417985 417992 418006 418020 418088 418094 
418104 418156 418189 418344 418373 418384 418413 418502 418569 418644 
418650 418735 418738 418815 418838 418845 418862 418875 418891 418977 
418980 419165 419193 419282 419299 419419 419449 419456 419525 419719 
419738 419920 419938 419981 420092 420178 420197 420265 420349 420418 
420426 420542 420600 420609 420611 420678 420693 420704 420769 420915 
420989 421001 421084 421109 421236 421240 421298 421427 421515 421538 
421634 421665 421670 421695 421804 421806 421819 421873 421887 421903 
421914 421935 421974 422025 422030 422107 422134 422146 422168 422303 
422373 422492 422530 422566 422645 422646 422704 422781 422784 422855 
422859 422893 422912 422945 422962 423016 423017 423135 423157 423309 
423347 423355 423361 423369 423449 423554 423598 423598 423624 423702 
423751 423760 423903 423933 423938 423943 423974 423999 424041 424109 
424163 424455 424562 424626 424674 424720 424810 424890 424902 424948 
424967 425037 425044 425144 425222 425233 425460 425524 425600 425606 
425641 425665 425715 425872 425876 425891 425895 425902 425910 426121 
426314 426333 426432 426457 426460 426516 426557 426571 426692 426773 
426807 426821 426884 426908 426988 426998 427079 427096 427140 427255 
427332 427435 427495 427626 427722 427750 427780 427809 427811 427870 
427870 427925 427934 428118 428142 428192 428448 428733 428772 428792 
428801 428805 428818 428872 429008 429070 429082 429213 429239 429317 
429339 429529 429530 429619 429630 429823 429897 430018 430063 430094 
430215 430246 430253 430288 430295 430301 430310 430371 430431 430448 
430487 430570 430616 430618 430735 430823 430871 431038 431104 431126 
431171 431390 431539 431551 431565 431606 431631 431650 431862 431897 
431897 431919 432110 432145 432245 432251 432300 432340 432455 432515 
432515 432535 432557 432560 432588 432597 432657 432755 432810 432961 
432984 433078 433097 433182 433224 433241 433270 433305 433451 433493 
433516 433723 433796 433848 433850 433855 433876 433908 433922 433955 
434010 434031 434052 434075 434156 434165 434257 434282 434307 434387 
434394 434445 434551 434599 434626 434653 434721 434828 434856 434898 
434934 435040 435070 435111 435155 435175 435231 435272 435342 435382 
435469 435485 435543 435582 435584 435609 435693 435741 435796 435798 
435804 435809 435883 436013 436052 436065 436092 436115 436209 436256 
436259 436289 436399 436690 436765 436768 436775 436881 436928 436952 
437031 437215 437278 437324 437387 437428 437575 437577 437581 437600 
437627 437665 437723 437828 437837 437979 438107 438154 438161 438162 
438179 438291 438340 438355 438565 438571 438663 438723 438884 438885 
438904 438907 439433 439502 439691 439765 439819 440103 440135 440140 
440163 440182 440285 440353 440409 440578 440584 440697 440750 440861 
440940 440940 440961 441048 441143 441232 441247 441293 441302 441321 
441332 441421 441528 441624 441626 441774 441788 441840 441849 441857 
441879 441883 441964 442004 442053 442109 442129 442167 442239 442297 
442452 442457 442513 442558 442575 442600 442616 442767 442905 442948 
443199 443203 443228 443437 443843 443867 443893 444126 444170 444298 
444350 444360 444378 444457 444540 444546 444578 444592 444709 444731 
444830 444833 444910 444952 444994 445157 445178 445203 445219 445222 
445300 445421 445455 445465 445500 445553 445644 445693 445738 445770 
446217 446258 446313 446358 446460 446495 446676 446766 446774 446793 
446793 447114 447153 447286 447287 447304 447320 447577 447697 447735 
447830 447840 447905 447938 447966 448020 448066 448153 448162 448228 
448243 448252 448323 448372 448388 448472 448493 448495 448548 448616 
448773 448896 448907 448960 448966 449009 449096 449099 449201 449258 
449370 449388 449446 449684 449744 449818 449834 449860 449990 450017 
450031 450092 450120 450127 450364 450365 450391 450491 450665 450673 
450703 450726 450773 450797 450906 450926 450958 451020 451063 451081 
451085 451115 451151 451169 451173 451175 451198 451212 451233 451254 
451254 451264 451364 451405 451442 451501 451631 451638 451693 451821 
451839 451919 451978 452107 452122 452297 452367 452372 452389 452436 
452466 452706 452745 452792 452823 452838 452894 452946 453168 453173 
453187 453223 453239 453246 453308 453399 453483 453524 453594 453861 
453900 453915 453962 453964 453969 454006 454047 454053 454057 454106 
454342 454347 454371 454383 454423 454579 454584 454598 454667 454749 
454817 454824 454837 454875 454913 454938 455017 455024 455035 455043 
455077 455085 455345 455357 455365 455409 455418 455421 455462 455463 
455467 455553 455654 455658 455663 455702 455735 455739 455749 455806 
455943 455945 455986 456025 456033 456180 456194 456213 456232 456245 
456247 456288 456334 456351 456431 456459 456495 456540 456553 456561 
456721 456805 456825 456828 456867 456911 456935 456981 456996 457057 
457071 457088 457098 457111 457207 457287 457341 457350 457661 457722 
457737 457780 457827 457909 458096 458112 458114 458162 458194 458196 
458225 458267 458274 458346 458365 458383 458459 458664 458673 458734 
458773 458773 458916 458947 459167 459184 459211 459400 459542 459576 
459690 459703 459785 459958 460094 460134 460216 460256 460373 460410 
460488 460537 460548 460548 460555 460688 460721 460856 460943 461037 
461089 461143 461187 461190 461191 461234 461237 461264 461285 461322 
461444 461612 461653 461674 461690 461763 461813 461842 461943 461965 
462072 462091 462235 462248 462415 462526 462551 462572 462592 462708 
462913 462919 462924 463067 463210 463526 463669 463669 463713 463727 
463738 463817 463856 463989 464029 464035 464074 464092 464124 464127 
464172 464182 464279 464366 464368 464514 464519 464640 464669 464678 
464734 464769 464792 464826 464838 464841 464877 465002 465109 465148 
465224 465322 465382 465448 465474 465494 465573 465634 465923 465925 
465926 465980 466004 466048 466059 466122 466175 466359 466483 466697 
466857 467101 467103 467115 467186 467191 467289 467293 467339 467361 
467378 467382 467385 467413 467485 467566 467575 467695 467766 467926 
467997 468001 468048 468117 468149 468181 468269 468279 468291 468429 
468452 468461 468512 468542 468585 468654 468663 468724 468757 468781 
468836 468845 468972 469017 469020 469077 469082 469195 469264 469294 
469396 469446 469501 469505 469603 469646 469881 469885 469931 469999 
470003 470195 470371 470460 470562 470586 470671 470877 470965 471065 
471259 471260 471287 471544 471562 471623 471759 471762 471833 471872 
471902 471903 471970 471984 472047 472220 472242 472269 472282 472323 
472403 472514 472665 472796 472936 472962 473052 473121 473126 473141 
473169 473198 473209 473216 473270 473375 473394 473484 473517 473536 
473619 473689 473722 473845 473860 474033 474089 474095 474097 474184 
474206 474250 474364 474375 474384 474453 474539 474591 474610 474630 
474666 474887 474900 474931 474950 475009 475048 475065 475109 475181 
475217 475286 475359 475381 475405 475549 475601 475667 475726 475731 
475789 475794 475845 475916 475987 476028 476072 476097 476150 476316 
476464 476487 476511 476589 476650 476658 476696 476713 476761 476982 
477001 477025 477238 477339 477362 477421 477552 477574 477599 477661 
477770 477883 477911 477942 478000 478006 478087 478096 478109 478177 
478223 478269 478321 478363 478661 478677 478710 478806 478844 478856 
478913 478920 478981 478987 479006 479022 479040 479097 479270 479278 
479345 479389 479414 479513 479557 479629 479647 479670 479693 479695 
479747 479758 479770 479807 479861 479901 479929 480101 480166 480277 
480283 480339 480354 480586 480604 480619 480688 480786 480827 481023 
481039 481185 481243 481258 481278 481326 481409 481463 481498 481828 
481845 482037 482141 482222 482225 482305 482443 482446 482478 482479 
482505 482530 482539 482664 482676 482701 482714 482722 482835 482874 
482875 482889 483011 483013 483031 483048 483086 483350 483390 483399 
483505 483509 483527 483567 483598 483725 483746 483776 484082 484089 
484193 484212 484255 484258 484356 484476 484491 484603 484627 484639 
484673 484720 484878 484880 484886 484914 484976 485015 485044 485078 
485095 485196 485197 485200 485272 485365 485391 485503 485526 485607 
485716 485728 485751 485942 485971 485981 485985 486017 486061 486095 
486104 486130 486156 486227 486243 486393 486485 486515 486534 486545 
486796 486806 486826 486852 486905 487007 487122 487142 487156 487205 
487306 487354 487358 487364 487394 487444 487524 487537 487635 487670 
487747 487776 487842 487954 487976 488008 488096 488325 488483 488537 
488738 488771 488790 488815 488832 488881 488917 488996 489037 489091 
489156 489173 489199 489336 489420 489467 489478 489623 489676 489696 
489709 489767 489881 489939 490036 490086 490088 490111 490228 490409 
490420 490421 490599 490687 490740 490837 490919 491011 491170 491178 
491179 491238 491242 491264 491336 491372 491470 491563 491564 491608 
491651 491709 491901 492055 492095 492199 492273 492474 492582 492638 
492760 492767 492812 492897 492933 493144 493152 493234 493299 493373 
493418 493435 493476 493568 493569 493597 493662 493662 493746 493754 
493801 493810 493882 493904 493919 493933 493994 494042 494158 494225 
494265 494399 494454 494506 494728 494809 494815 494864 494880 494924 
495098 495170 495289 495322 495404 495441 495464 495486 495608 495740 
495816 495835 495851 495961 496215 496252 496318 496333 496471 496501 
496562 496623 496667 496684 496809 496823 496873 496914 497000 497009 
497058 497078 497082 497226 497301 497390 497414 497472 497568 497642 
497709 497777 497802 497835 497862 497925 498073 498142 498254 498286 
498559 498652 498754 498773 498862 498956 498965 499024 499086 499109 
499195 499217 499357 499465 499546 499565 499583 499620 499622 499725 
499899 