141978 352873 15644 235206 380668 210332 98336 8247 212375 479414 54632 
475549 317491 381425 292753 18187 145418 104464 465474 146282 498773 
64606 100758 479807 147188 91599 208783 307849 421084 414347 262952 
166508 320036 142221 47144 441849 265981 181265 195696 303127 322568 
70438 223461 426457 76209 473141 126601 239919 400121 467293 106291 
361129 418891 94506 458194 222677 100888 312636 491651 69869 465923 
164957 158930 83967 254517 1740 43637 319455 106415 251600 28996 
353150 366367 462572 123206 366505 223067 392698 63393 54208 418006 
410730 196916 473619 446313 471623 87353 216772 456025 93362 310839 
325522 401929 214645 129937 370094 41802 213922 482505 164690 200668 
309256 451212 164580 218790 221397 482479 146739 217032 331371 263153 
161575 321165 424967 299582 147017 304276 9739 403485 23679 392377 
15462 188677 166321 11602 55748 119188 230715 468429 287023 434052 
263579 434599 412481 383453 130041 432515 103607 380714 488096 304905 
339246 137070 63370 460555 444592 455702 280911 50612 400924 406022 
283907 454667 104290 449860 425144 56722 364821 248112 35354 319215 
383617 38391 49318 496823 361556 295855 84766 408739 90871 213310 
59404 149939 356437 458365 394597 212423 334007 432251 278328 58015 
83569 376814 98923 307142 228261 13634 128922 175480 140073 276628 
255935 448966 179471 167013 380778 204533 46368 79413 298125 83671 
350116 199222 483509 410019 423624 14340 173229 196428 394615 312848 
90316 228380 388649 264149 245286 263788 90350 480786 292534 431551 
214310 408753 420092 249174 50548 65704 160222 359742 401691 214112 
378684 124762 405268 16764 287014 113937 474610 342729 13792 123443 
104329 133074 234688 56550 273017 379524 363365 7401 199259 141641 
159329 340839 5509 311669 82107 438162 304073 486826 95363 446676 
10368 123955 354741 53330 265137 256203 23160 53220 204490 155414 
299924 453239 349521 405323 74533 198804 384758 465322 341630 346343 
86925 22547 278322 259535 306771 331659 493754 238337 387015 136584 
17232 423016 343062 42169 108663 396790 267559 336431 147212 111833 
290765 261387 347395 39631 40320 244494 402304 296733 155683 351396 
271719 324345 159499 8991 416776 75568 213678 36712 287575 479345 
190024 212881 266370 159875 365185 102842 171972 74818 313602 23789 
475286 321959 134825 257977 252327 238140 323535 359354 262000 389238 
407595 97445 480619 9158 244303 101257 164763 447735 79811 290409 
148420 491372 268958 180825 140620 81221 111680 422912 188915 268525 
406596 479389 236565 39574 465382 35096 235952 136152 205506 401595 
377234 250714 281879 211867 489156 214548 47357 107409 51831 159942 
178745 170062 275393 233517 351068 307767 394993 10490 198748 418156 
461237 292917 162759 389347 384066 406160 182807 465634 252758 76698 
425044 110865 43705 492055 277656 93135 117309 50947 136801 153395 
496667 257035 144576 15654 335015 336177 234773 135323 348291 49482 
38672 186787 248876 121082 20247 425641 152850 65126 381243 318809 
102668 435584 348279 49348 250599 63126 362032 490409 49141 166945 
143471 116113 272778 184925 147318 396257 167843 482722 223911 336332 
411580 497082 448616 173113 288746 412773 383322 121576 141727 388425 
150801 318955 390929 361705 131795 73954 460548 212166 117353 295862 
399248 48305 42034 374947 173292 362661 231796 410140 35992 452372 
408405 128614 28867 408794 486243 207546 378874 286814 94197 112928 
309498 311685 30086 73890 32249 229684 223699 453962 346771 41513 
458664 445553 494728 40605 468972 406058 37974 288506 171026 372810 
50537 95156 479040 324115 218204 251510 221343 309714 187046 320394 
485272 29342 379988 54889 304722 399598 47563 90101 219832 449818 
24240 196927 455077 408216 60805 157690 258741 205854 305016 167557 
186671 370235 480354 130869 426908 17329 326541 211504 64788 17895 
226877 258503 377415 55718 93384 240501 232482 365592 335267 149036 
494265 251489 140356 248779 126390 59130 187919 457722 258889 292021 
78973 107817 18559 232730 362309 320996 452706 110453 423017 460094 
231736 41774 306857 65136 246650 254111 321551 279678 26384 463669 
325316 196761 299505 48746 240998 113295 157036 98978 147417 232373 
357107 171003 144347 126643 61601 124717 196914 265857 309481 107879 
118659 13029 346226 135675 94005 461763 284592 54349 84126 26411 
337087 190071 413513 46660 287640 209788 45111 1847 214731 377827 
229791 265749 40694 438663 486534 115418 43830 223390 355244 261840 
399627 474375 314260 196489 380322 459400 33893 160707 456431 83102 
273091 74529 423355 453246 198871 5709 478363 216201 174593 235767 
10823 440135 23532 37828 479693 303277 266182 91687 220857 108451 
393399 104810 212697 374869 147867 355329 267822 429239 202341 33160 
448773 150338 361098 61330 390609 121892 346032 499357 350665 329656 
248027 194651 159470 161519 435796 425233 301280 70462 130200 213069 
442905 53924 411863 307718 286860 416503 136851 278883 47262 276568 
440285 418815 10969 292805 214815 408489 213433 93011 360648 247968 
291166 3759 467339 314028 213486 448153 293416 348385 272472 413477 
264170 146255 496873 203652 497414 264744 272010 266170 188040 204951 
482701 440940 308401 55750 40585 96544 41904 406779 221044 472796 
373240 5919 112267 390221 211417 401623 318620 464074 213853 63691 
3297 423347 101556 379358 33529 323952 175708 223080 345580 369608 
438571 67277 165270 65306 123927 438723 202169 472665 81160 148901 
233894 319135 168788 34296 70727 203261 64672 167928 194078 146118 
138172 298262 214574 230995 76776 448252 189838 493373 14863 66573 
317925 155812 233416 383892 288342 72962 449201 499195 183372 292623 
465002 488537 496562 390543 220121 157086 240558 402870 242717 124196 
100360 420349 16153 5281 451254 216123 422168 180977 322318 330524 
351449 307195 474089 19162 310932 231924 412486 108904 154787 225848 
487954 429082 341852 242946 444830 396447 63078 74020 62556 213929 
26465 80804 298827 50773 209717 246450 485985 11905 392780 67373 
88078 162996 201568 179281 349192 84685 391459 183326 123185 448372 
195794 419456 200061 387254 114989 107133 76991 7874 12922 29868 
397030 173724 138150 487444 231206 366252 368348 192170 180400 203118 
177711 412387 362610 440578 271895 135315 258942 257825 220504 57074 
158035 243775 375530 255758 38951 355087 246062 2599 233190 57523 
422134 308648 182271 234405 218302 230377 267695 143977 64117 240007 
141997 79484 108497 351502 309458 467566 22943 127104 310800 455345 
318078 311878 149296 304581 149469 3727 386322 54958 261571 316787 
280723 54886 102462 16596 398731 17406 315790 128227 207543 319627 
323601 49050 333539 444457 171851 401590 258150 477001 458383 379221 
298021 232159 249984 374388 406842 355454 31359 371547 487524 262909 
450031 385526 357436 364956 471287 68322 66324 116611 5364 332990 
2191 115033 227956 299581 64327 62781 4303 240281 264909 116111 
198913 349060 451442 277219 376179 366095 451198 411496 370964 182809 
210118 41337 97937 412715 369264 187021 242913 179925 27955 171837 
13580 1226 189784 92611 119183 148145 473394 58727 291280 41144 
240852 404987 117851 338897 88962 126432 228245 47145 464035 292915 
200469 253997 173371 241318 389333 205999 455986 10237 13262 208238 
106764 476097 87211 477599 234132 239843 175975 463713 279822 187535 
172966 291817 146847 327412 488996 492273 232167 242024 283583 176497 
76741 264907 452792 103069 320375 250659 285466 161022 338502 330716 
39118 229097 99112 87033 484258 430871 346767 408411 126468 71137 
450391 360780 114489 30328 91742 252221 163115 235384 241967 267674 
280991 39812 240064 364910 57033 249201 48672 365243 138253 144814 
310300 112150 270191 151769 483399 20005 442457 202369 115642 245949 
447905 328284 16733 303588 315338 435804 333439 329980 37200 115974 
364864 239922 472323 3500 275409 42171 324801 308742 452389 248654 
362087 339608 246221 448323 274083 76681 222722 485095 181135 119336 
232796 78326 54361 267933 317683 351297 92372 235351 363672 171367 
163726 131542 470003 260250 64575 313929 101912 153531 379818 343221 
269163 187104 492933 259803 17803 431650 429317 295014 373449 410035 
223287 93540 116254 372709 158892 417901 427332 33604 303508 91880 
484878 219927 435543 440584 306311 416122 107878 348564 224135 257454 
360994 368355 145146 200443 185587 172186 474206 107713 196837 434721 
389923 353820 476487 354876 387182 405305 442575 15679 180595 426692 
181794 137149 120269 25292 92026 131478 316900 153445 292419 114706 
451405 402576 98689 256032 276916 303336 313861 186556 296461 99401 
193062 291928 275779 296397 21843 397027 413576 14173 489676 8426 
167014 27466 171197 74546 66341 422855 123332 195767 66285 66272 
245526 63484 335518 254343 373473 487394 232747 64551 343341 81590 
128874 146998 352624 382729 382482 471544 182691 46135 268665 340103 
495098 232534 437581 41348 192394 448907 10553 224026 20291 131607 
450127 266429 117192 62590 385677 222024 64556 305322 430448 267915 
114550 163774 476658 205842 470877 347791 134229 124975 300555 29008 
221235 157616 413778 379428 483086 178275 91314 457207 121659 324021 
115704 25158 150795 16338 385679 81163 62889 26309 393971 271040 
201485 421887 292329 258846 40315 397458 320481 147542 193692 391183 
280550 344421 453223 479747 213555 40798 188697 179462 324053 214061 
394168 234841 486545 427255 262728 455735 332647 361715 3731 237238 
210578 212857 29770 481258 280129 49592 392834 436775 422303 144769 
158464 246810 468452 216537 113608 172902 297241 175931 5880 182683 
21223 372112 18618 54950 433516 206698 162219 230484 57944 178271 
415048 336488 444378 309109 204503 303452 387966 53122 475731 132598 
35333 28330 473209 142876 94973 265494 327769 291834 60534 361647 
155636 291413 89057 317412 119066 232526 306453 479006 319970 436289 
231068 257170 283397 451839 365316 334466 38733 120528 168500 489037 
352818 400183 143902 285718 123909 389518 448548 225807 44999 138783 
319860 101508 469505 9371 105534 199307 454342 289986 153748 221386 
31565 116435 182328 285077 372891 244138 157041 193962 432984 251203 
181758 182658 70623 244810 253892 138541 122653 495464 55003 75748 
184586 158622 484089 272580 47123 414743 295686 117887 457088 324016 
373567 11178 70752 369707 463989 422107 338614 275801 91028 438179 
493569 380878 7187 47478 200214 276991 315148 411661 218426 300223 
60608 184543 412861 296478 410979 298775 448495 217034 388024 240046 
445219 378044 43539 371116 236283 407065 99062 254513 214223 379279 
453969 29808 425524 487976 331843 262684 16060 393543 256205 274282 
338594 174589 293382 437428 245491 63733 420609 86071 481243 188684 
221524 215088 483527 334049 380552 143520 231089 294291 451501 195020 
262524 376914 327816 10189 150910 218792 302544 461813 389162 444731 
221160 328304 408544 78896 44101 182434 68656 15499 291137 401846 
69293 475065 175782 297665 409707 325269 469881 415985 375995 42992 
260840 20691 106006 56541 238932 495608 332135 234953 169670 217604 
357544 257053 451169 6559 13694 452894 401183 484255 196869 311811 
414985 340876 19950 203471 499546 313446 219809 200444 9363 450958 
200540 114580 376489 27768 126251 10045 157499 212979 456996 140204 
155200 376185 373577 199322 215672 37449 7280 405023 109474 214386 
351960 403024 160904 187803 340930 62394 148655 111495 11054 20421 
488325 458162 345438 168709 254206 120149 461190 44471 267673 444578 
152373 396920 116146 258826 366456 144182 213658 101702 447840 76415 
130965 466004 326735 355531 110348 279916 452745 176872 355920 21216 
444360 438904 67432 190896 379752 74975 30476 383970 184841 181344 
406093 404746 465148 465494 423309 110867 435798 7372 63025 115646 
472403 8185 197305 219796 485751 406138 381256 111085 368778 475009 
22179 452367 209609 363548 8505 404406 426773 155036 88027 153465 
377764 141313 349730 461191 146467 272263 415589 174604 155806 249390 
3745 428142 135502 378323 193658 275947 411624 486485 196771 78081 
307661 159251 478981 307100 412646 37478 343643 461234 9953 146687 
299435 199848 188988 316190 176237 81765 461612 385408 388196 135854 
285417 463526 291941 189220 123374 139699 723 84466 441332 118397 
36885 311838 98977 450365 228183 430823 270991 405901 48206 434394 
190422 407245 453187 461444 92209 389242 391801 315534 476761 55207 
140883 134005 450797 256307 35460 240234 227264 483505 188363 280999 
221239 70877 68821 292892 26626 495740 467186 203464 341798 284469 
54637 262097 382853 146101 137121 233658 313267 86274 394867 229607 
491264 266660 409389 401916 225394 354961 232592 295401 184811 455806 
99646 454383 457098 254923 287444 384541 91912 416858 467695 6529 
421538 230726 119778 265841 376731 416133 63287 199724 201487 154674 
21442 86730 156948 54402 7263 260204 22408 28377 407614 277191 
457287 160893 184469 438340 17940 202901 246882 468269 14577 456867 
154748 412134 369707 414559 292705 231753 255045 412730 290095 213275 
294688 73830 385705 437575 240162 299959 169543 69446 124957 141140 
436209 27392 457111 468654 16366 63847 341033 375378 117157 454006 
130194 351285 233831 62258 485200 397312 58146 492638 163625 323999 
489478 265666 357431 271861 462091 122136 319956 96681 290788 377195 
117220 278865 51035 329349 57344 457071 344638 271445 275824 61081 
60089 300609 44292 233324 261666 115951 291625 102251 175373 479557 
61285 340292 207932 299969 464841 392967 82009 284281 68501 298547 
368401 319742 148574 200350 344276 158548 216923 11860 340 353976 
251771 427495 392614 157530 189793 263483 34309 315432 241496 264223 
412593 477025 102742 325682 365768 347844 462235 170830 289244 327 
7611 338287 468001 407146 315996 44356 17081 328871 156245 139798 
162623 256280 30383 222004 429630 455043 469396 295880 436768 438884 
216850 247913 77609 264506 60349 295721 167893 243841 194705 20733 
361401 376775 457737 385202 433876 7944 237640 22090 152600 374969 
275788 460410 81641 205014 450364 31737 148512 287828 99986 238995 
478006 401708 458196 349359 66791 395322 353762 220165 386911 454057 
354969 159524 114750 327554 333176 121903 420197 5997 257059 320502 
217692 282568 97277 129698 99178 236539 68116 128697 218875 168677 
236520 53445 383679 296054 153337 5945 355749 376387 370055 124273 
113185 311146 60274 323415 434856 228495 25620 372615 227059 184570 
451978 280149 140001 115552 349183 14795 414939 470195 222424 387207 
170234 126193 263276 104639 224720 475381 499583 52475 147644 430301 
180141 176642 101873 334769 39278 414623 381306 124713 151764 370586 
412033 135616 464124 468117 495961 67210 305930 339741 365971 128874 
134976 102207 54175 114027 455024 278291 413660 260831 72288 427934 
134201 337050 438107 225503 126041 379369 278742 454824 210419 489091 
493435 301302 407923 357156 432810 323579 96283 248788 11331 362955 
23502 113346 255816 198773 169900 154402 54020 173701 173141 195648 
7072 176815 143484 72558 484914 128337 209086 437031 159811 68965 
145012 273337 49513 122015 226745 148765 39238 330069 361924 191604 
12462 184585 454106 442167 136993 71047 388517 75763 431631 447697 
265355 92492 225292 4612 412113 275851 322064 178681 242114 261101 
295725 358825 51448 56611 357080 168290 233750 308870 450703 459785 
90460 243679 314641 498142 178506 230749 280533 394565 110483 20228 
404806 245992 145756 24501 134450 30002 193371 433078 447577 352063 
45879 270862 102307 415584 23202 34504 494924 325091 161263 108607 
270832 98860 307043 85200 347926 321057 325084 22220 488815 76971 
251218 270529 339653 270616 378674 64894 433224 285371 415359 308715 
432515 359213 348211 473845 363099 314938 132745 99159 259557 299954 
490088 260152 261407 440750 89958 285576 6873 280939 395092 94363 
446258 444910 123180 332274 473375 261118 155133 4914 277954 345694 
278664 286226 368704 212971 304329 396491 279827 265533 93638 444170 
111659 399827 139787 298664 236214 354311 1972 305578 122482 256822 
357910 154827 71860 255527 424720 217109 34780 115868 26769 277986 
319818 221071 117567 223032 195470 447938 442452 238291 394590 291087 
90890 431171 74269 17432 395757 281988 478920 426121 387163 287472 
455943 131965 128152 472514 387936 479670 421914 159075 59648 410707 
451020 394545 28232 89272 141878 216013 149991 153605 260853 151183 
152783 156761 121401 2730 370826 105407 399154 369540 155901 9539 
143828 404503 137617 248894 203959 451151 27227 300762 466857 276410 
376716 469501 113723 177702 50854 492760 454371 361106 54926 432657 
379879 142881 63965 450773 172114 230649 484720 323191 388186 124621 
169981 273705 455365 384915 335138 468461 137058 142749 443867 427925 
360707 45983 340411 483390 464669 436256 474666 487537 150168 99308 
90540 296306 237389 282198 19366 454053 267574 416387 269816 145543 
52725 172323 341539 77468 322394 174575 401884 429897 77518 388020 
69245 318650 291333 352838 345475 19965 373883 240052 380444 59679 
79036 346016 120712 157410 474539 400037 255462 188350 317918 286547 
63472 142486 103663 319052 330862 388254 306474 221939 205737 287190 
372499 322509 108001 373504 97133 474033 199288 357448 22985 206439 
409457 362796 477238 123070 25709 283024 72606 143478 50043 164560 
206760 136051 349873 372479 140612 11850 337499 367410 150780 488832 
346448 187912 36287 269706 21586 418094 446793 75563 260041 17537 
57011 318687 87555 49941 26762 425665 200535 357046 416741 360999 
409988 332892 207154 362227 424562 148964 85959 219010 278089 52568 
39233 453524 161921 230742 167787 61559 164812 165178 458916 327042 
496318 211304 120509 356799 66438 79954 352420 314186 155679 396451 
247173 66630 499465 361287 369916 473052 202507 431565 442948 238448 
239352 207481 268712 59471 148979 94562 419981 280167 351459 99213 
43468 468512 42254 117146 333995 349437 97700 287942 185016 310824 
221952 427079 372135 24967 120111 198282 448243 29376 76609 227972 
260580 8240 364938 433097 121785 359955 354458 354264 398061 91866 
320561 322768 206233 68867 187011 451085 157969 332681 117677 343549 
331979 244901 24327 69576 77393 181524 390231 393294 24021 64886 
322070 423598 455658 389271 267595 299145 48319 214708 444994 355662 
85118 483776 396710 292542 292996 392735 94835 475048 347852 329518 
418344 84576 326415 103174 37941 271054 478177 110006 465573 164615 
268400 229254 351247 134116 109169 9386 273844 106854 126117 463817 
465109 274509 359150 238527 271751 149639 434445 52057 16336 426821 
318703 355803 470671 259038 236448 343622 204947 25740 231895 247977 
26117 450906 151207 402939 426460 109495 230907 497802 338591 54375 
436399 32976 455654 230543 448472 186851 458346 238782 302049 353349 
193451 168807 386662 111972 370168 186184 181844 410031 29475 129214 
179035 31910 468836 337120 141 400555 322794 269381 189079 314077 
99889 115996 488917 398204 235988 360860 6105 108581 484639 490919 
379088 471759 321060 108985 108661 351815 210151 420611 328701 256027 
356139 364783 449834 278032 87424 458947 407589 173354 329813 67778 
117960 245130 193493 381174 448493 358607 441302 306234 261331 464092 
135385 91705 467103 477574 431606 233522 360322 36879 285666 431919 
381986 255868 308391 478806 212096 49977 344858 207881 355956 221088 
456180 369696 412956 154179 152962 462551 82076 308543 227180 429823 
52322 325169 294 155722 57610 49021 438161 444540 383865 345794 
323156 447320 416133 14950 345999 111771 100527 163611 126863 395162 
249929 191721 113711 10151 249650 82608 480166 444126 368216 451175 
497472 9675 87907 357085 474184 137042 33224 374188 438565 243754 
482222 63636 56120 244155 8099 447153 188184 208283 448162 418189 
7682 328410 464366 158930 303626 15597 194179 456194 338667 199105 
136927 411818 455749 53130 124687 414656 114394 262104 156779 168795 
18356 115642 451693 204436 478000 267705 56812 144176 347342 103017 
85775 337441 247792 194810 206370 120962 179831 431390 46639 127056 
478856 497390 379625 457661 339267 246856 27814 461187 476316 75137 
429530 465224 351542 423135 76332 319736 436928 99612 306517 112057 
399826 225492 375695 391888 22612 429213 400837 76439 390442 20003 
267589 70269 26130 15571 484886 358149 107340 223606 166005 144390 
173935 493810 198437 23453 464279 305609 156270 50572 395035 94858 
207803 335209 466483 461285 422646 132128 411521 199820 316246 57616 
29643 451254 404720 78600 64089 92752 430018 496501 364886 438885 
169457 78265 117645 78394 348849 414193 498862 93908 428772 425891 
285398 72631 419165 81021 66131 38024 383016 189996 227819 169623 
149442 399056 372173 301960 131150 43360 279024 99813 302382 273566 
231999 404337 125148 368335 144231 447286 495816 481498 216285 255757 
329495 323378 486806 485015 83644 54110 94353 264763 4430 329838 
200496 455357 133421 81678 325597 282291 150478 362162 366617 358386 
137941 474097 363252 186650 453308 15567 135111 204454 280250 86168 
201658 303502 189208 406019 489623 265350 356161 139416 450665 474364 
175169 275797 171000 168290 191926 396703 24484 249803 31645 91294 
427870 39883 286920 271525 401982 428818 467289 43027 410686 172264 
33359 266322 48094 109696 331824 493882 368244 454913 124111 163644 
266279 373854 55241 456911 202341 196927 183531 391760 408864 234156 
229106 173884 91888 201397 409132 12739 101399 364027 321905 7416 
124070 275058 348141 106332 78128 418738 400056 171300 374385 281094 
147494 231163 245500 70010 358125 212142 278333 64217 278658 282678 
97460 506 28790 460537 70114 12167 193892 489767 85361 91769 
309802 251445 387325 402143 359572 385559 99851 204449 476713 25682 
169134 57763 287994 131235 418413 399082 370769 132837 96810 393712 
19283 388360 387413 445157 25962 187694 417098 445455 99390 198806 
491901 117484 426314 18381 59305 244057 347419 107555 321435 337447 
192377 495322 235416 459690 221473 24619 302128 418384 286168 116896 
182902 191820 168552 361289 25851 123999 453964 214441 396643 192708 
330112 417900 37043 357484 460548 328293 311930 283630 197052 285859 
286579 215030 203748 491179 271812 68326 471260 214337 318045 214165 
424810 115187 152792 474931 115356 372591 117761 327662 179543 417071 
249684 439765 201162 18556 388876 384154 94296 497078 49053 478661 
25741 198391 331887 248718 461943 170292 370939 499086 52077 1303 
311156 91651 83658 363681 278580 65993 352680 322828 203704 158982 
168085 418644 84330 66210 261834 72857 44421 57822 146593 370783 
16850 211250 474095 196960 370765 240643 180881 209271 9755 21976 
175933 429339 411711 35285 252876 103802 84596 233841 483598 304390 
30260 420989 275110 129028 163020 237167 441964 191184 144539 277559 
73476 5934 89735 172524 378055 384992 421819 489467 316867 323020 
216503 116729 431862 204166 275863 85789 132077 109208 341355 215573 
397329 307897 133424 355297 317852 128454 54100 364385 242983 243108 
474630 441143 343418 188901 219714 202017 76093 288343 151957 345814 
366410 349793 256113 56991 255014 112659 214587 315045 223538 48288 
487635 438291 210350 388825 11454 190405 414752 169167 114925 262373 
222675 129187 342153 69353 41126 125906 181272 499620 498754 434010 
99090 123894 46687 387267 375113 295895 457909 134359 166065 392304 
467575 181458 275925 213772 61692 381870 157071 481023 65521 5034 
89847 143606 76609 324387 498286 201144 410545 407397 269050 469885 
442600 291833 218166 84206 475916 466059 431104 428118 493662 435609 
252486 404989 261415 304090 494454 83816 44293 157993 62893 31293 
486227 36421 269887 153452 450926 257442 332481 214303 28345 358880 
225106 188155 275983 164212 25778 302623 475217 248 102842 383182 
179170 38785 298357 342415 52299 415580 247707 143034 28358 203691 
455462 320068 57875 31341 369221 202332 267368 487122 464182 327672 
309720 148285 4663 200125 308636 264418 62067 418020 468781 308022 
220771 104111 164026 45839 149208 393184 471872 147482 375363 323697 
329742 51305 352041 346070 286854 287832 55876 255858 26914 182897 
437577 327206 496809 449744 401611 333149 461322 136031 494042 156972 
144451 18252 144472 21740 377945 61186 191550 190364 190609 370026 
283389 444298 218474 239556 414390 454423 76298 352176 187789 128440 
148290 463067 172673 90281 15423 29398 228367 395448 401264 478913 
281412 147122 76443 254209 147183 102470 464826 37565 145223 53946 
425902 411247 303716 413445 240044 435382 207138 376406 118731 435155 
179090 310076 124361 270929 154552 391374 59527 413204 217712 64390 
245631 165866 235406 84666 387949 272095 480586 458734 405265 225711 
440163 167907 329294 175825 300333 287469 204158 36852 169042 67639 
32229 116724 25569 115206 212112 187184 130798 383559 290924 482874 
407143 330736 32188 472047 283992 30817 106658 17051 380888 375720 
390579 90935 306889 470586 378467 222221 10376 435741 120228 58897 
187122 224188 282500 231712 79923 111825 359102 294405 107196 248192 
269317 155775 45978 211316 34726 237659 318568 359711 60925 327919 
26412 272739 153123 407113 189705 393302 430253 342912 473121 437979 
196590 378451 450120 125576 211898 209563 43998 65028 492767 352945 
485078 69286 453861 433955 216105 420178 488771 105054 282252 366795 
106399 96698 56506 176948 182128 133503 377541 209637 396680 482446 
308109 184609 379208 47083 491011 7846 13493 163396 122318 212966 
432557 305359 244388 172666 412429 260548 240275 281743 487776 311564 
231920 405583 351499 379042 262218 448896 180741 102117 126878 284005 
233314 263840 132356 313306 152740 118936 214975 321114 430094 12661 
407826 254586 167622 420418 231992 138396 210511 322548 12293 294654 
368092 192713 476511 229668 76791 76924 375714 476028 305084 62845 
448228 423903 145308 456561 27051 103920 29527 138098 225679 299325 
490086 92316 364175 224897 344571 407921 119284 303389 99204 127666 
413065 183906 158869 321285 373073 55153 107450 171669 256250 485526 
400236 198087 180217 479770 162788 330807 178978 265272 285881 103073 
201543 441840 52041 392472 34399 318629 170415 488790 2682 356843 
467413 142146 241298 208911 434307 354722 404514 212944 364718 153005 
270732 136501 451173 298727 125163 355547 412973 467378 399392 278757 
165001 442239 339235 199227 334554 350243 383469 180030 15471 40929 
70848 418502 165617 460373 307364 115671 276086 234313 139458 364831 
45964 205374 114515 20948 36024 441321 7269 279577 366059 433848 
40140 172903 416136 45695 238810 235349 84692 15293 93681 484880 
214363 4797 357097 477942 371464 462919 39574 150207 437837 302338 
365573 247555 109700 67518 107512 430487 211051 111857 434898 156451 
16489 273382 45729 32546 146644 345182 479758 454047 139792 365080 
378565 252372 484673 471970 421695 380817 464368 449388 177539 407601 
392057 72362 315452 297300 295723 10462 85922 393290 16262 361530 
261610 342376 47910 497009 200097 335136 406873 296599 108414 331888 
414496 72385 140888 208289 195617 499622 201273 133292 446766 85076 
155626 323131 384006 399872 435342 251827 42579 232567 162197 62461 
187962 490111 158923 292506 210738 291300 431038 398041 48790 354490 
397194 119421 119336 453900 431897 363310 458096 270150 15794 293370 
119329 312394 289933 150957 211533 134396 381102 109403 443203 134412 
72664 346789 95046 440961 203552 285853 242809 118118 422893 361281 
126891 63137 453173 41790 83878 274598 366360 123569 486796 305174 
456828 136174 161361 350926 358467 228243 294086 354096 375309 461143 
55419 451233 383150 85784 356709 127783 39547 51262 273876 259432 
410932 68802 271050 458114 391342 117237 138001 124380 486061 169102 
21911 30793 458225 48301 469999 41030 261346 487306 479647 346891 
138935 146281 294153 202712 155081 19528 360199 123045 68852 19497 
330313 493152 422030 486393 143837 104768 110941 455421 302431 260486 
268736 178574 475359 206435 21450 323639 118167 277060 344938 289989 
348352 451919 167362 350275 80535 240073 8529 379083 300496 342072 
340017 378367 451631 165899 422784 363134 418838 73096 270031 25486 
2804 74369 278926 69521 188837 397865 177431 413740 286044 83376 
83579 208734 432455 269948 352373 369534 355175 152530 23046 488483 
230228 111262 323954 142834 75027 64674 170910 49164 408221 237563 
209802 26914 169590 298503 109635 164391 103804 32278 220804 307182 
83611 297036 60251 263093 352381 459576 257988 3937 307525 80992 
273461 359887 138794 130045 463738 414324 348858 389945 194539 75391 
433305 449099 3574 248583 185237 22421 399151 28625 179004 48626 
386170 164840 176260 242564 51532 474887 288008 344598 437828 122550 
403068 133079 126330 185268 299430 495851 174635 181163 143197 30983 
327034 449009 13262 7769 448020 118693 490687 62604 325571 44130 
305150 29175 318069 477883 70441 155377 403151 200324 187829 24850 
102257 115178 200548 490599 194958 386085 487205 206144 490421 115360 
287321 367905 130287 114297 310240 396368 369651 276591 253384 135247 
368901 92975 134834 21568 104632 298009 316077 319115 474950 391263 
16898 58039 240537 229710 456459 72529 322874 237609 237784 193883 
427811 336876 198347 397877 367489 197900 292883 467115 365035 164267 
333125 69763 47780 243248 437665 358083 358918 252783 21338 378297 
2347 160369 17390 13226 9110 444350 430295 79914 106498 115309 
397656 442053 479097 177638 325365 215159 106490 470371 417394 310762 
484082 489173 338676 358641 114825 46556 84572 14341 454347 72544 
227407 330588 226863 331971 454938 485971 212149 107667 367869 245219 
89800 362849 141406 176734 188629 323250 487358 436765 282320 78944 
400473 197753 26502 125664 265980 436690 173940 174708 460856 126046 
83475 242925 70746 390531 114256 123720 397404 82223 244700 296025 
485607 253975 262771 177646 358053 388485 237959 159471 251351 286142 
452946 408742 198223 305201 498956 325191 353906 486515 144809 275905 
182637 255647 424674 386430 456288 33094 20879 286471 217298 234 
367632 90944 42958 329483 192890 137041 255855 272453 5038 347833 
339061 205144 292956 344137 317615 298120 9590 41359 91464 302248 
123447 372794 398945 420704 353008 287051 444546 459167 206956 318677 
358432 73240 256443 222752 368006 3609 465448 305497 75801 138420 
485365 412168 138641 457827 67349 392112 278492 415947 184887 144313 
329001 16051 471762 296607 197942 299662 93724 397230 362681 332376 
170337 153733 480277 332057 152385 311992 397538 95827 321476 147971 
271782 88467 93011 389703 293198 261936 399767 339887 337512 293156 
210319 8370 320741 16896 165603 307587 126557 205234 2331 66402 
32704 336519 485391 203549 267020 235338 377007 236810 248224 342982 
286914 264234 361616 471984 123509 18866 420693 204886 269284 207546 
44550 404599 282317 285212 291075 377081 486156 306780 120440 17579 
73189 398156 165491 469931 365834 393702 246502 61115 412552 422859 
381102 367496 87004 286629 142971 209522 201389 287429 186676 198520 
412470 356220 154667 90739 142542 74236 175950 232604 270879 407698 
381718 184437 27647 401520 106691 359323 57502 457057 43277 110988 
455467 46828 494158 276389 210971 6451 317059 108466 133982 71342 
254787 416509 60276 24884 340607 87544 456825 375548 48872 355164 
317377 127262 323066 148465 227583 422146 155407 365567 308539 410154 
46209 156067 82848 81244 456245 83410 466122 492095 85147 114774 
411199 417992 475987 464838 154787 244734 267110 54361 285120 234550 
226760 204418 385498 421670 50265 181005 407943 78063 41869 7225 
173172 436052 307062 138558 305137 435693 105672 173431 166924 395901 
399758 168685 2761 113036 6625 461965 445178 330793 325349 433908 
432755 15626 92510 421903 423449 313570 60368 268126 278075 396738 
401881 308664 135285 172275 38736 105591 151383 293784 17376 162426 
161779 355421 95747 288497 294022 351556 250609 210072 284419 142121 
403298 268070 11578 441857 124701 475109 138230 29301 312905 354618 
272945 433855 416529 212455 253990 31160 34160 70152 289999 133649 
491709 63477 499217 178367 394493 397234 488881 411591 120991 70711 
233258 194183 311039 379957 72644 417169 455663 134953 44119 233293 
221806 69646 402071 386472 26534 428872 209043 162817 144004 307534 
81463 233015 52468 10046 59893 287876 192995 436952 445770 109418 
497835 215519 460943 59018 261182 275526 37863 129860 10390 434031 
304528 271228 79362 4079 475 336259 399531 3014 371155 158446 
49349 399176 40380 483048 206552 305042 195705 14938 219221 70822 
248689 371805 424902 64855 432340 306143 348449 361268 144395 97165 
201762 90891 253853 483746 302273 235414 401148 219228 419449 215442 
383983 415375 75574 187781 397606 304187 316488 369968 42282 13031 
468279 337790 197601 47007 331707 55298 319923 486017 334787 21861 
299826 448066 204155 353174 127768 345930 495835 461674 354696 403654 
196377 353524 113040 282514 302099 146012 56113 36461 2256 56116 
279322 67287 391318 328271 144152 142961 480283 130084 4853 126643 
442297 405852 329345 17400 52223 216689 136034 150758 320495 270257 
251978 18113 347258 234347 178424 477661 278692 489709 472962 53136 
53190 69505 2764 347813 344777 460488 121998 69556 434626 1635 
211489 403659 45204 349100 206812 372134 307890 459542 490420 354268 
290089 71131 410761 319230 77187 267292 72859 350462 147271 469446 
382497 281508 160406 19121 80720 414769 225609 255894 231746 258443 
18938 456981 342987 398475 206218 297745 202829 212010 13121 108651 
130868 122719 3454 228406 452122 61856 88033 306545 198632 94415 
438355 361642 451821 193979 340957 268840 321970 65588 260981 387163 
57894 180099 64640 284669 237827 474591 353018 425876 294873 212351 
311434 134212 182125 98420 102932 432535 497709 266640 74142 40681 
252643 186039 364156 39772 70852 52463 305087 355494 481278 282554 
276145 352605 367797 333703 265505 394318 104851 478710 448388 487747 
278662 175262 229882 68952 264565 201963 374722 132004 328505 40035 
285286 202643 40934 25136 434387 260214 200795 405726 343378 178591 
172032 243049 480688 220937 224667 180639 395972 362155 301370 286048 
490837 12622 371034 129024 223110 165833 125796 284847 390021 48446 
344656 28151 108584 461653 441421 116076 254848 216980 432110 265193 
22175 356940 175562 308394 335064 183627 324286 103453 187952 263282 
421515 161579 51027 465925 363338 405114 47064 168554 180072 418569 
465926 268332 231337 168149 252652 219875 346649 379892 258835 225052 
496684 202781 42941 75305 455418 356430 214670 309454 426432 393242 
338619 403380 466175 233977 411958 129688 464029 170896 419282 168810 
111977 388676 190919 46521 177067 302393 182310 342553 471259 232939 
462415 440697 410527 242398 306265 299174 273810 159231 316757 116794 
372752 254226 97467 91322 469020 155973 464127 403172 231688 332948 
491178 84954 82558 459958 475667 15543 180666 6845 459703 286563 
329460 93084 350731 455463 249853 396339 114985 238138 129720 119843 
365340 29338 89951 82140 377773 265010 51110 330687 58172 304817 
448960 151761 377990 446793 52180 189967 54501 379865 177730 62565 
235198 68838 105266 345733 49754 63038 175940 399291 433796 325633 
462248 305014 216824 27089 57147 337294 282403 38068 211758 1630 
338962 193123 380466 77931 475601 307000 164303 275790 17128 364000 
20009 482305 359616 93135 309757 162635 203529 420426 232428 261256 
107437 306879 41612 397875 67553 401762 377904 347536 464640 72190 
347176 435485 398815 156490 48631 420265 284990 53032 180489 49857 
374721 255652 180416 385061 353596 38037 357365 449684 258445 29262 
397095 495170 357021 114977 143873 310633 421001 7528 279616 269005 
410516 297205 401951 253022 412406 101586 310004 141301 108738 144677 
129345 483011 371651 423369 358964 315445 261630 429619 85464 102647 
311401 421806 496914 258756 18422 252732 196544 192483 184899 374246 
575 390242 266545 210133 114068 238299 1608 354697 213790 74980 
491336 139697 131067 301248 279908 370668 261031 487142 63092 354131 
215846 102482 164681 117477 445693 26693 132479 70677 365447 90588 
341554 4655 174178 80297 329546 6409 108034 11020 451063 249701 
83935 187295 259721 383743 62319 4845 423702 286715 302877 305860 
189772 57791 29052 44104 356981 291684 159958 181442 447114 291683 
306404 32553 159463 255893 183003 201897 194387 242076 95361 788 
493144 381432 273180 101620 371947 329148 388773 118959 324862 2731 
33268 458459 293751 308701 432560 370578 301829 16640 435469 456721 
92579 126278 439691 114835 468542 467101 127244 139 9534 196549 
413397 224850 14 190561 298976 479901 101956 39762 91157 434075 
299436 372164 286156 83180 249705 196791 400375 121941 396328 436881 
491170 299585 241747 409610 186818 317209 78231 18601 69873 31510 
94317 266396 3309 384085 476150 264407 139723 405845 341759 108350 
131437 416217 4308 168159 399685 381168 398845 26914 323621 208662 
215267 120401 170273 279838 487354 395905 81778 387381 62755 295786 
346452 441528 456553 8948 449370 358748 336689 200872 495441 348581 
415918 9904 288579 150808 106180 331400 425606 174319 433270 378923 
59155 58032 304895 151899 65047 69212 343258 348279 267936 287380 
29643 76493 404763 320627 187991 258531 223896 240119 81529 435231 
402749 170285 332000 452436 166699 20079 9587 404516 193440 362131 
83765 255748 128835 421236 258376 113031 423157 456540 440940 477552 
117484 199078 10772 46115 294764 434165 286558 279968 41658 160764 
361254 407120 431539 28169 472936 39801 108507 60192 275233 291579 
208020 85617 207269 115951 386985 145654 17057 471065 4261 363449 
14212 394697 2254 458773 130889 319601 169571 47733 418980 340276 
112817 95374 215776 17491 186861 305135 265252 435175 372627 253026 
340173 394048 287564 66688 153188 314493 289377 166776 122577 331204 
382187 119650 27898 16609 304105 328735 208480 390015 477421 88764 
21101 196747 434156 376150 385528 21808 260184 186274 18945 442109 
35489 467191 436092 126654 117344 414394 284497 456213 119728 133981 
373497 455553 87274 44165 92403 130064 462924 395612 385015 12161 
71082 404986 435040 139691 34906 284013 309492 65203 368619 464519 
332319 381936 427722 309132 333805 245260 211673 387504 63846 443228 
195650 484476 26657 272846 478109 282290 218965 120397 7828 85310 
196548 289848 495289 133636 184976 351491 374788 102185 289749 467485 
170259 34807 52655 59662 469082 289708 481039 354457 252761 60 
131576 3141 484976 407279 9924 224886 249172 122990 86174 131017 
76343 237375 369768 155496 424948 398537 261137 149328 129554 33469 
483031 284257 123115 281966 61935 67493 190340 13505 426998 397574 
33733 205125 383630 355827 89413 249035 105104 482539 476589 481463 
408500 481185 159374 149495 182984 70161 260767 207300 181692 105955 
428792 193892 428801 262696 468724 13848 404060 121605 390759 256023 
26223 218194 373904 69980 475181 387964 490228 24345 275170 146529 
457341 263473 259877 223157 274870 469646 354636 487670 23902 152456 
493994 222508 425222 201051 239415 335355 147717 14446 9485 65787 
326772 464172 164902 390447 356899 369315 316176 416301 182186 68692 
343039 493418 307399 138387 391042 485503 230535 138302 283952 434653 
303540 430246 406359 436115 450017 64336 208372 222221 29991 287279 
288504 3416 258632 240553 250291 225195 351439 240485 50350 117466 
426988 310391 317020 488008 276105 198259 412670 240425 318802 41133 
493299 167858 203458 159061 430063 314168 77264 387610 374708 396939 
372487 363410 350711 94325 425895 87336 306981 220994 62031 464877 
479278 387711 293068 314296 153101 390005 79257 118647 155174 230238 
372250 41416 271074 63395 130503 277701 256967 323916 128648 72972 
188699 179132 40473 387713 173199 323147 323339 364363 280164 468048 
479270 37407 59816 26336 305445 406258 102385 379075 482141 359516 
229114 498965 20297 109476 6433 55683 456805 119633 346853 30973 
445300 17516 118657 415830 425600 122904 278697 170084 294076 205880 
314406 165452 386784 420678 301028 182524 58532 416211 332257 278397 
289251 199818 485197 136954 342465 218143 416428 407793 396732 326366 
36303 102971 182139 418104 33648 414075 203945 226127 129501 107816 
246074 158390 451115 497301 89609 462913 217115 77756 347991 12830 
475405 54034 420542 441624 479022 30647 430618 419299 335583 312944 
454817 332752 340811 347586 491564 330931 149319 469603 432961 130618 
206040 104563 118353 229259 170519 192077 227580 281467 306729 228783 
437387 239925 388081 296657 360483 297642 426807 61025 60247 313788 
336442 143176 497000 494225 388921 103979 4482 215192 317317 297699 
110060 320109 223378 389219 136540 43327 442513 6282 432588 426571 
294562 78021 16293 254501 151991 329161 404530 74617 341503 186411 
144789 64222 51562 65600 54107 356086 356174 421298 35286 16935 
161584 243885 63711 281240 106002 174454 63587 314312 39052 430371 
319752 388777 270668 97213 190368 196748 491242 494815 422704 435582 
290741 368585 107032 484491 24114 393713 407282 365035 90487 459211 
297018 339365 278891 23488 373921 378663 100230 29941 302767 314007 
145417 295027 440409 326105 403897 148323 406374 200219 380289 449990 
482714 296066 92815 115183 423361 374907 437278 322211 140389 314734 
43855 298978 496333 485981 422373 117487 23411 372140 367644 275899 
358909 63506 235817 158494 132937 168544 141173 309031 141114 478269 
74114 12769 31890 485728 29371 455739 325758 118686 324784 356920 
234243 426333 380109 160134 331051 338374 17332 305999 54811 4247 
20417 324660 189196 303198 32161 419419 334754 327421 333547 169017 
224583 296392 327898 383855 417374 203000 345766 25348 454598 72472 
356268 74081 188348 145898 7580 287846 176306 423598 301461 408680 
75660 63969 332579 372641 421804 439819 398013 181882 57495 453168 
786 109146 169418 375627 338630 326486 329261 294823 476464 238558 
80254 191352 179979 451081 29757 359623 191421 252589 333153 485196 
322463 280995 270461 266378 336979 266237 434934 352991 16156 367887 
269223 187994 118770 478223 157346 67894 418373 461264 498652 45173 
172999 81421 214047 188051 188085 11953 252576 396908 156143 230836 
93792 495404 214228 256337 442767 478096 67409 128192 489336 50932 
30446 68372 436065 6322 34395 81385 352396 340726 111514 52616 
4162 274124 349099 352041 175747 370365 396143 385830 405837 443437 
406504 433241 127656 473689 311633 197744 268669 313753 362692 171369 
96503 262517 191084 52556 255299 40022 289908 404572 198210 494399 
209493 158915 251787 63941 92516 70806 318384 442616 368671 67152 
460721 481326 139191 21258 329258 294212 143865 24934 429008 81849 
84723 54323 360822 44817 179249 73770 384758 179046 205662 323894 
7902 383542 368480 302287 287787 250392 393775 453399 210869 423938 
385093 99275 59410 273731 405711 106609 237364 104234 89955 374324 
26129 160010 16446 21836 392107 388584 290711 416 308740 371281 
452838 419193 232127 352600 296937 417870 352799 62274 142571 483567 
193556 336434 307660 172450 398052 417320 99002 390897 404539 389157 
431897 66217 84166 24146 472282 26880 497568 427870 173581 313619 
107758 469195 199886 278013 375058 179320 352573 219490 96621 56995 
401629 430570 426557 246212 443893 88461 312079 329227 100535 90483 
446774 441883 425910 91551 262049 260307 120159 167429 373322 478844 
99260 440182 277162 429529 197542 25138 454837 330539 32892 63063 
308798 322149 176055 260531 202079 214781 400024 204382 128039 56675 
137260 313286 457780 249997 184646 130623 84929 119392 282032 70863 
463727 474250 397098 267635 476982 395534 449258 35062 264952 82649 
231093 440103 445500 224240 102040 249416 151654 19074 435070 361465 
336089 494864 157329 14722 372517 170085 283693 121276 251399 234435 
479629 63396 213562 58472 73325 291597 33693 462708 385338 321066 
67429 455035 146398 132646 248967 121405 441293 470965 380064 296012 
149734 201998 85432 361105 311124 89354 363132 168945 11236 403438 
76758 304158 246051 368208 471903 57046 297153 298675 67720 363245 
352443 375539 441626 475794 48565 42918 302621 86494 392879 181209 
104936 262743 46708 282569 240824 417406 468845 182793 86252 437324 
61719 191031 354099 442129 420769 363502 162351 326846 181709 189212 
15429 447830 251082 131359 191311 38302 287858 102432 265664 197925 
410871 418088 167542 389230 26079 2477 35803 333479 87459 77189 
331041 108746 331669 333242 29263 379962 363324 48538 375497 499024 
194351 52994 81955 156457 309048 132228 249111 197727 299687 492199 
356620 197302 72744 292915 57084 471562 51904 71604 271833 171079 
482835 122130 21624 430431 83632 63627 414187 438154 76353 134696 
141341 7086 354605 236195 293339 120274 245227 215500 227907 55028 
412681 463856 75863 75138 340925 331938 497226 81708 347389 383922 
487364 334338 491563 252338 330588 246686 127605 118178 118179 341035 
207203 298459 229031 33497 441879 244943 412982 159202 249339 333654 
470562 474384 406792 364933 427096 366543 9057 3783 404325 59895 
284699 211852 483013 462526 451264 185847 146740 266695 8201 227006 
225023 482225 467926 139837 85490 363350 165380 404611 485044 173423 
188273 318155 33289 35430 79736 58549 137815 151037 250491 189171 
13318 166999 116532 422781 179005 486130 96603 29761 411846 18951 
144875 93454 18443 422530 233722 51995 149745 493919 243005 330931 
213654 25802 83188 387780 45924 97003 307871 356510 57257 252672 
367620 334838 96276 219177 259755 416514 5885 293154 351253 196217 
102436 238377 255351 477911 359808 231731 168017 224790 387761 484193 
29223 5000 322387 137307 241511 239284 51774 428733 297200 477362 
320090 202986 47544 434257 62563 6365 377567 52349 178648 362396 
69755 212109 65409 187187 134783 317066 346334 478677 156357 472242 
7883 411793 493904 101215 99965 269868 499109 251464 105304 213523 
264289 144297 86709 327675 195345 253443 433850 452297 479929 246670 
328037 441232 72128 41269 348175 191351 439502 106320 201753 322727 
387275 7899 117855 303352 154418 369084 9292 350301 133217 412798 
243424 117969 254033 82310 73577 387779 64508 347623 78569 320125 
38021 85802 295796 132356 454749 237290 231973 179190 79243 450726 
87829 352657 30498 339236 22448 400232 77449 473517 182324 24265 
94322 177149 377130 44580 76110 136235 221868 224997 433922 143108 
492812 79134 113695 336043 441247 225198 356435 428448 107769 166391 
339359 231334 21421 63570 244242 405426 252792 314834 144160 440353 
195915 460134 293237 337306 394693 135635 107230 34362 355690 206078 
154952 213683 179154 122972 99791 389499 88543 425715 101418 3713 
96425 323767 338695 157843 418977 497777 282576 212803 456247 481828 
276915 268348 163799 490740 335785 234837 50500 229949 24057 179388 
267625 183256 64623 373830 284115 391434 388393 326308 489939 146082 
26762 412410 102065 385943 163194 238519 51352 496215 228501 179937 
274620 287436 484356 494506 56039 58442 392963 116579 311288 156509 
64252 58589 355931 73969 10310 94370 366374 446358 207009 401287 
94243 243015 183848 102503 111766 238560 85356 161202 8132 391336 
469264 482875 73966 186456 48070 464678 206206 316891 498073 121522 
287440 74522 266287 393137 114212 266575 245017 243254 473860 223110 
447966 49711 385920 49755 62981 378831 72908 424041 28159 479695 
492474 445203 467382 59988 25211 479513 2474 323028 396163 456334 
319778 177491 400934 167358 83252 129926 371447 330153 359412 418650 
246997 223988 380279 91621 449446 322976 215121 58169 493568 422645 
172713 172171 325650 395464 162063 327312 18128 482443 26998 48210 
149574 101403 441788 262218 424626 331913 176050 303085 400432 260735 
13309 356405 487842 110379 323002 211146 339067 130751 280000 380647 
76342 340571 198535 121463 57054 152246 370958 366779 256448 264386 
203365 130999 473722 109291 305804 80325 312244 88493 491608 336640 
34123 240173 476650 207016 261827 54203 46518 370858 469077 421873 
129191 379131 93110 118414 475726 380812 103193 461690 178056 300976 
287862 398946 320679 395192 116641 214171 345824 342258 356602 12390 
163846 437627 259982 398588 384493 469294 107928 160296 301114 357228 
421109 435809 315892 23078 83376 417284 135120 285988 181209 301216 
427435 296584 62868 182455 176226 489199 82669 360522 7760 103864 
195295 232860 369278 111339 401491 453594 192854 211077 323012 78869 
473216 80634 146640 206118 266343 24496 301018 423974 291156 143486 
228795 225006 226381 316341 264775 332399 142672 446495 133944 442004 
65029 30995 257670 197091 82624 65478 378940 332181 27195 127036 
435883 358096 62904 387149 136663 418875 295950 374282 184438 43817 
97134 352419 195853 249133 481845 21454 15888 344678 112847 232374 
69078 307775 305954 61198 5775 478987 104172 230825 328488 339761 
341591 31392 212274 243871 34212 197625 372920 462592 141289 474900 
187001 355586 279601 493662 18057 55733 170966 319033 108596 360389 
202890 373146 165667 497642 373554 74900 253004 446217 759 90345 
373702 94169 79347 108466 412284 14271 87385 160330 7509 226389 
177385 126491 163706 99577 27494 184171 293376 254161 354820 8693 
482676 139076 461842 302487 369394 193397 230001 188065 310560 467361 
327384 171509 401716 140021 215558 38953 98747 28464 301253 254487 
11799 6407 441774 273538 493746 212329 326444 117035 277583 172984 
325884 229828 240206 221480 476072 174373 358646 160431 303301 77351 
336003 351488 56368 205502 355054 167575 233643 4316 427626 492582 
33600 262391 468663 160297 867 52900 346909 91023 483350 180481 
59796 45120 212196 269696 308923 132221 244235 57285 164680 427780 
287194 24750 491470 220096 332776 178006 223522 466359 137739 486852 
434282 403290 192854 254671 205540 185612 209771 184187 298993 214889 
109644 9206 13598 6354 378635 233129 186717 221188 421974 32488 
5002 81945 468757 131514 125509 16770 379042 257060 302693 487007 
265317 433182 482889 281312 365213 149164 419738 194314 201926 166088 
498559 285238 137684 318470 316833 71251 51221 367233 117299 392850 
456232 86396 173100 296350 282894 282009 333910 129177 171104 23953 
158895 99026 307569 344766 468149 424890 440861 21302 216769 229567 
456495 282299 272364 252633 304197 34351 187976 304185 360576 54147 
18738 421240 1585 47913 209302 199032 163296 455409 71855 102867 
79581 384034 42300 497925 489696 74674 13455 364574 284914 206941 
315875 493597 28565 394515 98440 422025 30488 4907 222787 344428 
401529 16709 421935 430616 393597 435272 407693 275733 77671 105300 
60232 1639 452107 390785 196689 293439 255846 312706 458112 257111 
141815 317522 376059 172103 277415 5972 186481 153034 138776 385748 
164007 117037 328517 31469 938 166224 401936 50692 276776 248388 
262939 286583 118236 482037 365554 172432 79678 461037 251313 174342 
238488 446460 433723 483725 9031 163932 153156 405060 433451 209877 
488738 43053 242031 23751 430310 129634 406804 288226 67571 44811 
98930 392083 270705 308497 495486 412554 222308 418845 81346 288070 
211577 464734 41663 376613 193186 430735 187346 414342 304400 391826 
175021 413499 266418 484627 168103 119691 82824 278074 90723 58721 
382606 308938 312860 173004 219835 172038 486104 64763 221290 144280 
456351 320120 280289 404798 297115 450673 151236 315000 484603 9082 
473198 141953 270802 449096 444709 201160 66430 355892 307347 430288 
63135 344648 47382 24074 55291 382615 68285 369784 106397 164822 
384655 444833 11858 214782 359334 439433 10529 140551 482478 166619 
160129 22685 382643 65703 114226 276868 227026 29749 184404 480604 
284380 243499 68776 454584 104017 348803 336698 22341 202498 369509 
43335 220995 458673 431126 84764 356466 230162 423751 277440 229595 
276184 152704 294923 418862 93776 402468 472269 177418 247209 253682 
454579 453483 3972 219790 27313 40765 32815 193213 207646 443843 
468181 101442 102579 19534 170371 53611 392562 168841 379183 3244 
442558 351973 463669 282312 15953 321768 492897 190754 289346 450491 
240846 365256 7325 167889 472220 468291 383672 51519 131919 496471 
144625 421665 426884 201631 193831 432245 185263 90532 133485 313557 
489420 482664 285057 357399 418735 437723 116332 1303 467766 496252 
280956 18065 333753 416032 161168 445644 189458 230579 419525 67704 
263792 494809 499725 228316 419938 113739 328692 367042 354179 387469 
213943 135349 88965 335679 307293 474453 325914 85535 337223 426516 
334067 229661 400470 138677 40106 97148 230174 6475 242301 353758 
119841 335417 27922 60461 233638 135953 92799 422962 486905 199636 
25371 224835 40926 479861 293096 159413 137763 138060 335347 193210 
340117 302378 200612 250828 62279 405907 322264 498254 436259 280913 
258887 407723 287038 353998 486095 427809 392565 289158 434551 421634 
57122 1621 376592 160454 382256 315969 424455 331235 193387 166674 
223188 481409 466697 292955 296974 445738 408713 354662 21901 480101 
493801 128821 16878 400688 238574 430215 102248 322024 311269 115704 
424109 487156 246856 277918 4671 74831 214736 148905 229218 255152 
58782 499565 116098 153150 110818 332705 200168 23641 60502 191720 
105359 380958 473536 225312 318528 139626 15734 119309 271696 368860 
136577 350980 111846 30554 77254 59131 389851 216730 307525 128017 
115747 445222 251650 133136 301845 191211 239572 113439 124289 353548 
212514 38300 438907 30606 311120 230283 383908 112748 39431 224117 
314478 281272 215870 283816 272754 53378 443199 13921 385085 335149 
484212 142923 473126 350274 77529 494880 476696 274565 82911 432597 
320386 432300 334712 416638 185814 95194 353934 440140 185905 36367 
121505 25489 208149 311330 183697 46234 394090 419920 288895 464514 
62646 458773 471833 29692 368473 475845 423999 341604 94960 5990 
471902 255226 328757 396753 108802 67605 162554 354313 213995 410849 
360753 35261 376152 288391 242845 57187 281331 335670 212932 381029 
441048 57329 493933 285631 159749 266110 490036 49072 102283 268931 
177878 265068 485942 114083 178506 463210 246748 41803 277412 360899 
80572 57064 178198 468585 52276 168021 151500 389829 261056 246265 
455945 59087 127858 132688 336857 295537 150362 407666 491238 45649 
445465 249238 465980 493476 65120 434828 169842 160540 407429 366859 
147973 48761 382539 21709 93738 264796 153646 253118 232834 60416 
272442 48742 54915 305875 89251 347308 361616 314440 417039 215330 
15368 364552 170311 174211 428192 233265 253839 394983 289897 423933 
311301 250672 267238 136572 320942 265475 214799 242180 139028 222419 
301997 326945 128593 31302 63231 273185 270965 109076 97933 185993 
470460 478321 319934 247451 497862 421427 364900 318042 210877 130525 
447304 283547 6917 403941 177602 85929 289227 473484 247921 400154 
230177 367765 337651 183482 423760 230149 334423 420915 176195 231835 
499899 454875 268561 473270 264075 497058 211543 392296 404707 97047 
109715 157741 332978 179234 195508 282884 75586 127660 477339 221550 
75332 458274 330714 273915 480339 464769 215752 435111 482530 7050 
330257 467997 333419 77085 255742 7986 235361 39465 51392 148531 
229111 51023 115876 348305 153577 123277 28566 82325 406055 288193 
341549 419719 276724 204319 377352 161882 247471 68877 292976 485716 
9246 112882 162955 412411 293891 185307 496623 377678 306729 184573 
58423 392655 128473 214755 94212 84275 237896 318824 360630 159554 
427750 94596 102030 198949 445421 275611 1382 335855 119883 258913 
232949 480827 16529 452466 325074 17044 460256 329197 461089 437215 
63499 157375 388295 41265 452823 88312 411222 422566 275234 83845 
225176 466048 191879 88392 158555 178129 131282 231054 282313 345741 
164309 379171 386726 275924 235276 146493 215719 312651 489881 208147 
422945 127159 467385 123922 395648 142430 451638 261481 23259 154658 
249727 222476 377466 20024 48891 252806 257358 337195 400921 40178 
27995 218169 414124 157026 146037 478087 13042 304709 48051 462072 
377553 458267 54493 99592 475789 238125 390271 139225 258234 237171 
477770 360154 273187 385275 3964 451364 130703 186010 358320 281729 
89973 320431 409050 405976 409156 355329 121303 349138 423943 374295 
428805 317406 444952 94873 53054 447287 408045 74690 349800 321023 
214366 300592 223047 371598 193710 215278 157883 308070 321887 137972 
118295 235767 396221 216509 457350 174384 203117 63433 456033 329405 
25422 256251 3446 230194 456935 460216 276713 464792 241522 129009 
226015 150494 365443 417086 134948 259588 184977 370044 231656 384823 
179303 469017 493234 112255 347130 390386 214665 186885 287555 287590 
433493 224926 397359 109609 297604 299096 47318 197827 436013 89100 
12005 136738 277033 57176 186976 361584 48324 205047 319656 455085 
473169 424163 368204 283738 246466 254262 166764 240957 422492 425037 
223036 423554 429070 348565 65363 88539 315819 56201 31000 425872 
136495 352043 450092 331746 225374 296234 394174 370729 45189 420600 
432145 437600 247866 311269 321439 53640 288761 425460 417985 292357 
358162 294483 262255 112827 360664 237799 460688 401694 114694 41090 
48837 14340 222758 347042 23841 348872 96589 229084 51948 453915 
365098 147339 374058 357818 254362 123790 171837 148435 334112 264155 
76009 459184 358483 54577 13351 228530 267611 134513 132560 215924 
455017 68036 234125 385653 222690 300480 45662 135373 369650 427140 
36665 